date,nav
27-03-2024,52.58690
26-03-2024,52.52330
22-03-2024,52.49670
21-03-2024,52.57140
20-03-2024,52.44850
19-03-2024,52.44330
18-03-2024,52.46760
15-03-2024,52.51500
14-03-2024,52.52740
13-03-2024,52.52680
12-03-2024,52.54820
11-03-2024,52.58830
07-03-2024,52.46550
06-03-2024,52.41060
05-03-2024,52.39630
04-03-2024,52.36780
01-03-2024,52.35040
29-02-2024,52.27520
28-02-2024,52.28300
27-02-2024,52.27380
26-02-2024,52.28260
23-02-2024,52.23370
22-02-2024,52.24310
21-02-2024,52.27830
20-02-2024,52.23120
16-02-2024,52.14340
15-02-2024,52.14790
14-02-2024,52.01710
13-02-2024,52.04470
12-02-2024,52.06570
09-02-2024,52.01780
08-02-2024,52.11290
07-02-2024,52.08430
06-02-2024,52.02310
05-02-2024,52.00560
02-02-2024,52.09060
01-02-2024,51.98750
31-01-2024,51.68690
30-01-2024,51.63480
29-01-2024,51.60730
25-01-2024,51.51220
24-01-2024,51.50340
23-01-2024,51.49330
19-01-2024,51.43500
18-01-2024,51.42970
17-01-2024,51.46040
16-01-2024,51.50270
15-01-2024,51.47710
12-01-2024,51.36670
11-01-2024,51.37920
10-01-2024,51.31970
09-01-2024,51.25130
08-01-2024,51.20550
05-01-2024,51.07370
04-01-2024,51.11150
03-01-2024,51.11070
02-01-2024,51.12280
01-01-2024,51.13340
29-12-2023,51.19200
28-12-2023,51.10010
27-12-2023,51.12600
26-12-2023,51.16330
22-12-2023,51.10990
21-12-2023,51.12500
20-12-2023,51.16520
19-12-2023,51.13130
18-12-2023,51.12510
15-12-2023,51.07910
14-12-2023,50.97080
13-12-2023,50.78500
12-12-2023,50.73090
11-12-2023,50.71330
08-12-2023,50.72360
07-12-2023,50.76960
06-12-2023,50.74060
05-12-2023,50.68040
04-12-2023,50.64690
01-12-2023,50.56960
30-11-2023,50.61010
29-11-2023,50.66650
28-11-2023,50.61320
24-11-2023,50.58230
23-11-2023,50.66140
22-11-2023,50.62320
21-11-2023,50.59460
20-11-2023,50.63290
17-11-2023,50.70180
16-11-2023,50.65570
15-11-2023,50.65010
13-11-2023,50.47470
10-11-2023,50.41770
09-11-2023,50.50240
08-11-2023,50.48380
07-11-2023,50.43260
06-11-2023,50.38710
03-11-2023,50.32420
02-11-2023,50.29230
01-11-2023,50.22100
31-10-2023,50.20700
30-10-2023,50.15800
27-10-2023,50.16290
26-10-2023,50.12780
25-10-2023,50.17930
23-10-2023,50.06760
20-10-2023,50.08480
19-10-2023,50.07600
18-10-2023,50.10220
17-10-2023,50.14150
16-10-2023,50.10310
13-10-2023,50.12490
12-10-2023,50.14670
11-10-2023,50.14350
10-10-2023,50.01520
09-10-2023,49.94130
06-10-2023,50.05140
05-10-2023,50.42650
04-10-2023,50.32590
03-10-2023,50.33400
30-09-2023,50.37360
29-09-2023,50.36550
27-09-2023,50.46550
26-09-2023,50.49590
25-09-2023,50.48420
22-09-2023,50.45220
21-09-2023,50.48160
20-09-2023,50.45110
18-09-2023,50.42670
15-09-2023,50.41040
14-09-2023,50.54340
13-09-2023,50.36790
12-09-2023,50.28530
11-09-2023,50.27190
08-09-2023,50.36230
07-09-2023,50.38790
06-09-2023,50.28960
05-09-2023,50.31330
04-09-2023,50.33570
01-09-2023,50.37840
31-08-2023,50.37980
30-08-2023,50.32540
29-08-2023,50.33260
28-08-2023,50.31830
25-08-2023,50.21320
24-08-2023,50.24360
23-08-2023,50.22300
22-08-2023,50.12500
21-08-2023,50.10840
18-08-2023,50.09080
17-08-2023,50.00280
14-08-2023,50.13430
11-08-2023,50.12680
10-08-2023,50.20430
09-08-2023,50.15440
08-08-2023,50.14410
07-08-2023,50.08100
04-08-2023,50.04790
03-08-2023,50.04760
02-08-2023,50.13420
01-08-2023,50.14060
31-07-2023,50.09040
28-07-2023,50.11100
27-07-2023,50.20850
26-07-2023,50.25700
25-07-2023,50.22450
24-07-2023,50.29730
21-07-2023,50.24260
20-07-2023,50.24750
19-07-2023,50.26620
18-07-2023,50.28990
17-07-2023,50.23670
14-07-2023,50.17040
13-07-2023,50.18950
12-07-2023,50.06170
11-07-2023,50.10120
10-07-2023,49.95720
07-07-2023,49.91260
06-07-2023,49.93400
05-07-2023,50.01560
04-07-2023,49.97980
03-07-2023,49.99240
30-06-2023,49.98520
28-06-2023,50.11070
27-06-2023,50.07210
26-06-2023,50.07010
23-06-2023,50.04210
22-06-2023,50.00260
21-06-2023,50.07870
20-06-2023,50.08780
19-06-2023,50.08780
16-06-2023,50.09610
15-06-2023,50.11140
14-06-2023,50.17110
13-06-2023,50.18320
12-06-2023,50.15040
09-06-2023,50.09530
08-06-2023,50.14640
07-06-2023,50.23780
06-06-2023,50.23070
05-06-2023,50.18590
02-06-2023,50.19270
01-06-2023,50.19130
31-05-2023,50.15990
30-05-2023,50.10400
29-05-2023,50.07950
26-05-2023,50.11560
25-05-2023,50.09790
24-05-2023,50.12840
23-05-2023,50.07380
22-05-2023,50.12500
19-05-2023,50.04630
18-05-2023,50.07810
17-05-2023,50.08720
16-05-2023,50.06620
15-05-2023,49.99400
12-05-2023,49.99180
11-05-2023,49.88820
10-05-2023,49.86190
09-05-2023,49.83610
08-05-2023,49.83560
04-05-2023,49.85110
03-05-2023,49.83270
02-05-2023,49.59100
28-04-2023,49.55470
27-04-2023,49.57510
26-04-2023,49.54560
25-04-2023,49.54940
24-04-2023,49.50970
21-04-2023,49.37540
20-04-2023,49.27390
19-04-2023,49.25370
18-04-2023,49.24960
17-04-2023,49.19630
13-04-2023,49.19830
12-04-2023,49.21220
11-04-2023,49.19200
10-04-2023,49.20990
06-04-2023,49.21890
05-04-2023,49.09000
03-04-2023,48.98190
31-03-2023,48.96800
29-03-2023,48.96080
28-03-2023,48.89800
27-03-2023,48.89700
24-03-2023,48.84770
23-03-2023,48.80240
21-03-2023,48.77780
20-03-2023,48.80250
17-03-2023,48.73470
16-03-2023,48.72260
15-03-2023,48.69540
14-03-2023,48.66090
13-03-2023,48.65900
10-03-2023,48.51580
09-03-2023,48.48840
08-03-2023,48.46490
06-03-2023,48.52340
03-03-2023,48.52250
02-03-2023,48.48210
01-03-2023,48.48020
28-02-2023,48.43530
27-02-2023,48.42190
24-02-2023,48.45720
23-02-2023,48.50460
22-02-2023,48.44430
21-02-2023,48.49360
20-02-2023,48.54110
17-02-2023,48.47490
16-02-2023,48.54640
15-02-2023,48.52320
14-02-2023,48.47930
13-02-2023,48.49870
10-02-2023,48.49000
09-02-2023,48.50770
08-02-2023,48.53650
07-02-2023,48.59330
06-02-2023,48.57500
03-02-2023,48.59800
02-02-2023,48.56760
01-02-2023,48.54170
31-01-2023,48.38550
30-01-2023,48.33430
27-01-2023,48.36130
25-01-2023,48.43400
24-01-2023,48.43780
23-01-2023,48.42830
20-01-2023,48.42630
19-01-2023,48.48920
18-01-2023,48.45080
17-01-2023,48.43020
16-01-2023,48.44140
13-01-2023,48.46950
12-01-2023,48.46470
11-01-2023,48.42860
10-01-2023,48.38260
09-01-2023,48.34980
06-01-2023,48.26690
05-01-2023,48.31530
04-01-2023,48.32220
03-01-2023,48.31110
02-01-2023,48.27050
30-12-2022,48.26590
29-12-2022,48.28730
28-12-2022,48.26090
27-12-2022,48.28450
26-12-2022,48.25980
23-12-2022,48.26250
22-12-2022,48.27900
21-12-2022,48.30360
20-12-2022,48.26380
19-12-2022,48.28900
16-12-2022,48.29240
15-12-2022,48.32760
14-12-2022,48.38640
13-12-2022,48.31110
12-12-2022,48.25390
09-12-2022,48.22070
08-12-2022,48.27170
07-12-2022,48.26180
06-12-2022,48.30290
05-12-2022,48.32250
02-12-2022,48.30570
01-12-2022,48.31520
30-11-2022,48.18900
29-11-2022,48.19020
28-11-2022,48.19400
25-11-2022,48.13690
24-11-2022,48.18130
23-11-2022,48.11600
22-11-2022,48.09560
21-11-2022,48.04300
18-11-2022,48.05690
17-11-2022,48.09730
16-11-2022,48.06630
15-11-2022,48.04690
14-11-2022,48.00300
11-11-2022,47.99890
10-11-2022,47.88790
09-11-2022,47.80740
07-11-2022,47.71320
04-11-2022,47.68090
03-11-2022,47.63110
02-11-2022,47.73600
01-11-2022,47.73060
31-10-2022,47.67710
28-10-2022,47.70330
27-10-2022,47.69180
25-10-2022,47.62930
21-10-2022,47.48500
20-10-2022,47.51860
19-10-2022,47.57590
18-10-2022,47.59480
17-10-2022,47.57810
14-10-2022,47.44520
13-10-2022,47.46620
12-10-2022,47.44370
11-10-2022,47.42180
10-10-2022,47.37530
07-10-2022,47.41560
06-10-2022,47.49630
04-10-2022,47.58020
03-10-2022,47.45110
30-09-2022,47.55840
29-09-2022,47.54190
28-09-2022,47.49460
27-09-2022,47.50900
26-09-2022,47.42210
23-09-2022,47.44900
22-09-2022,47.59270
21-09-2022,47.72690
20-09-2022,47.71040
19-09-2022,47.75990
16-09-2022,47.75440
15-09-2022,47.82980
14-09-2022,47.92070
13-09-2022,47.95860
12-09-2022,47.86820
09-09-2022,47.88040
08-09-2022,47.90170
07-09-2022,47.81420
06-09-2022,47.78600
05-09-2022,47.73550
02-09-2022,47.68850
01-09-2022,47.70030
30-08-2022,47.71220
29-08-2022,47.63580
26-08-2022,47.64580
25-08-2022,47.52730
24-08-2022,47.52550
23-08-2022,47.51470
22-08-2022,47.50240
19-08-2022,47.47980
18-08-2022,47.51580
17-08-2022,47.56120
12-08-2022,47.34190
11-08-2022,47.33910
10-08-2022,47.25200
08-08-2022,47.15460
05-08-2022,47.16910
04-08-2022,47.40160
03-08-2022,47.28980
02-08-2022,47.32800
01-08-2022,47.22510
29-07-2022,47.11710
28-07-2022,47.08050
27-07-2022,47.05670
26-07-2022,47.01890
25-07-2022,46.99810
22-07-2022,46.95570
21-07-2022,46.91360
20-07-2022,46.90640
19-07-2022,46.88030
18-07-2022,46.88970
15-07-2022,46.86990
14-07-2022,46.93370
13-07-2022,46.96310
12-07-2022,46.86180
11-07-2022,46.82740
08-07-2022,46.85360
07-07-2022,46.91070
06-07-2022,46.95210
05-07-2022,46.82210
04-07-2022,46.82100
01-07-2022,46.73020
30-06-2022,46.70120
29-06-2022,46.64290
28-06-2022,46.62080
27-06-2022,46.64810
24-06-2022,46.63470
23-06-2022,46.62930
22-06-2022,46.63170
21-06-2022,46.55310
20-06-2022,46.57190
17-06-2022,46.40250
16-06-2022,46.41540
15-06-2022,46.40890
14-06-2022,46.42440
13-06-2022,46.42460
10-06-2022,46.53950
09-06-2022,46.55050
08-06-2022,46.52340
07-06-2022,46.45040
06-06-2022,46.52480
03-06-2022,46.59430
02-06-2022,46.63850
01-06-2022,46.70530
31-05-2022,46.73330
30-05-2022,46.76530
27-05-2022,46.78710
26-05-2022,46.82470
25-05-2022,46.79910
24-05-2022,46.74770
23-05-2022,46.71290
20-05-2022,46.70360
19-05-2022,46.74250
18-05-2022,46.72310
17-05-2022,46.71690
13-05-2022,46.72460
12-05-2022,46.80980
11-05-2022,46.76440
10-05-2022,46.66510
09-05-2022,46.50300
06-05-2022,46.50320
05-05-2022,46.57220
04-05-2022,46.66070
02-05-2022,47.30730
29-04-2022,47.28490
28-04-2022,47.28000
27-04-2022,47.31270
26-04-2022,47.30890
25-04-2022,47.28610
22-04-2022,47.14380
21-04-2022,47.16350
20-04-2022,47.17650
19-04-2022,47.16790
18-04-2022,47.12150
13-04-2022,47.06190
12-04-2022,47.18200
11-04-2022,47.21380
08-04-2022,47.32630
07-04-2022,47.66790
06-04-2022,47.66980
05-04-2022,47.69900
04-04-2022,47.68610
31-03-2022,47.77280
30-03-2022,47.78720
29-03-2022,47.72890
28-03-2022,47.71010
25-03-2022,47.72730
24-03-2022,47.68920
23-03-2022,47.68450
22-03-2022,47.70040
21-03-2022,47.72780
17-03-2022,47.71420
16-03-2022,47.65350
15-03-2022,47.60840
14-03-2022,47.57430
11-03-2022,47.52750
10-03-2022,47.56840
09-03-2022,47.48820
08-03-2022,47.45170
07-03-2022,47.44630
04-03-2022,47.56210
03-03-2022,47.54940
02-03-2022,47.59500
28-02-2022,47.65360
25-02-2022,47.64410
24-02-2022,47.60030
23-02-2022,47.65580
22-02-2022,47.63980
21-02-2022,47.69320
18-02-2022,47.68200
17-02-2022,47.65000
16-02-2022,47.64910
15-02-2022,47.64260
14-02-2022,47.62850
11-02-2022,47.53120
10-02-2022,47.45980
09-02-2022,47.26960
08-02-2022,47.20320
04-02-2022,47.03180
03-02-2022,47.04400
02-02-2022,47.05960
01-02-2022,47.18700
31-01-2022,47.51600
28-01-2022,47.37650
27-01-2022,47.38930
25-01-2022,47.55580
24-01-2022,47.57180
21-01-2022,47.60140
20-01-2022,47.60430
19-01-2022,47.59560
18-01-2022,47.56110
17-01-2022,47.54820
14-01-2022,47.63610
13-01-2022,47.65140
12-01-2022,47.60470
11-01-2022,47.61970
10-01-2022,47.59940
07-01-2022,47.68740
06-01-2022,47.69400
05-01-2022,47.73980
04-01-2022,47.73380
03-01-2022,47.83940
31-12-2021,47.83340
30-12-2021,47.81610
29-12-2021,47.82990
28-12-2021,47.80270
27-12-2021,47.82710
24-12-2021,47.81020
23-12-2021,47.82860
22-12-2021,47.82910
21-12-2021,47.82670
20-12-2021,47.89480
17-12-2021,47.95470
16-12-2021,47.98920
15-12-2021,47.99850
14-12-2021,48.00850
13-12-2021,47.96560
10-12-2021,47.94980
09-12-2021,47.97230
08-12-2021,47.95540
07-12-2021,47.89020
06-12-2021,47.93180
03-12-2021,47.91020
02-12-2021,47.93790
01-12-2021,47.92320
30-11-2021,47.94160
29-11-2021,47.89990
26-11-2021,47.87810
25-11-2021,47.82640
24-11-2021,47.82270
23-11-2021,47.82140
22-11-2021,47.83060
18-11-2021,47.79610
17-11-2021,47.76400
16-11-2021,47.75890
15-11-2021,47.77390
12-11-2021,47.74550
11-11-2021,47.74660
10-11-2021,47.77630
09-11-2021,47.79320
08-11-2021,47.77440
03-11-2021,47.66700
02-11-2021,47.65850
01-11-2021,47.63920
29-10-2021,47.62460
28-10-2021,47.65350
27-10-2021,47.65740
26-10-2021,47.63480
25-10-2021,47.64060
22-10-2021,47.60850
21-10-2021,47.60430
20-10-2021,47.56120
18-10-2021,47.60370
14-10-2021,47.64800
13-10-2021,47.62370
12-10-2021,47.58650
11-10-2021,47.59900
08-10-2021,47.62440
07-10-2021,47.67340
06-10-2021,47.66200
05-10-2021,47.66570
04-10-2021,47.70950
01-10-2021,47.69560
30-09-2021,47.73980
29-09-2021,47.72980
28-09-2021,47.73830
27-09-2021,47.76130
24-09-2021,47.77220
23-09-2021,47.84090
22-09-2021,47.80770
21-09-2021,47.78710
20-09-2021,47.80000
17-09-2021,47.75550
16-09-2021,47.75170
15-09-2021,47.71650
14-09-2021,47.66500
13-09-2021,47.65600
09-09-2021,47.63730
08-09-2021,47.62730
07-09-2021,47.59970
06-09-2021,47.63160
03-09-2021,47.62900
02-09-2021,47.60060
01-09-2021,47.54130
31-08-2021,47.48340
30-08-2021,47.46790
27-08-2021,47.40540
26-08-2021,47.38760
25-08-2021,47.38560
24-08-2021,47.37000
23-08-2021,47.35810
20-08-2021,47.33380
18-08-2021,47.30650
17-08-2021,47.26700
13-08-2021,47.21810
12-08-2021,47.19350
11-08-2021,47.17310
10-08-2021,47.15340
09-08-2021,47.15180
06-08-2021,47.11680
05-08-2021,47.21920
04-08-2021,47.20080
03-08-2021,47.18850
02-08-2021,47.17180
30-07-2021,47.13180
29-07-2021,47.11960
28-07-2021,47.13300
27-07-2021,47.15330
26-07-2021,47.15070
23-07-2021,47.14060
22-07-2021,47.15620
20-07-2021,47.16730
19-07-2021,47.13480
16-07-2021,47.10820
15-07-2021,47.06460
14-07-2021,47.02570
13-07-2021,47.02470
12-07-2021,46.97480
09-07-2021,47.04240
08-07-2021,47.04100
07-07-2021,46.93030
06-07-2021,46.91310
05-07-2021,47.02430
02-07-2021,47.00460
01-07-2021,47.02150
30-06-2021,46.98970
29-06-2021,47.01230
28-06-2021,46.99420
25-06-2021,47.02700
24-06-2021,47.07640
23-06-2021,47.07910
22-06-2021,47.07610
21-06-2021,47.09110
18-06-2021,47.08400
17-06-2021,47.05240
16-06-2021,47.07790
15-06-2021,47.15960
14-06-2021,47.27460
11-06-2021,47.26590
10-06-2021,47.22810
09-06-2021,47.18780
08-06-2021,47.15020
07-06-2021,47.12340
04-06-2021,47.09040
03-06-2021,47.07700
02-06-2021,47.06720
01-06-2021,47.03010
31-05-2021,47.02010
28-05-2021,47.04290
27-05-2021,47.08920
25-05-2021,47.10110
24-05-2021,47.05070
21-05-2021,47.02820
20-05-2021,46.98680
19-05-2021,46.99040
18-05-2021,46.98220
17-05-2021,46.96920
14-05-2021,46.92260
12-05-2021,46.93050
11-05-2021,46.94220
10-05-2021,46.92860
07-05-2021,46.92850
06-05-2021,46.92500
05-05-2021,46.88080
04-05-2021,46.84230
03-05-2021,46.80350
30-04-2021,46.76990
29-04-2021,46.73750
28-04-2021,46.73890
27-04-2021,46.75700
26-04-2021,46.75110
23-04-2021,46.68190
22-04-2021,46.67520
20-04-2021,46.62210
19-04-2021,46.63600
16-04-2021,46.60910
15-04-2021,46.62460
12-04-2021,46.70210
09-04-2021,46.67910
08-04-2021,46.68260
07-04-2021,46.62220
06-04-2021,46.55630
05-04-2021,46.54550
31-03-2021,46.47700
30-03-2021,46.45010
26-03-2021,46.46140
25-03-2021,46.41910
24-03-2021,46.42600
23-03-2021,46.35790
22-03-2021,46.26750
19-03-2021,46.20130
18-03-2021,46.09240
17-03-2021,46.08510
16-03-2021,46.09540
15-03-2021,46.06280
12-03-2021,46.09740
10-03-2021,46.15000
09-03-2021,46.16260
08-03-2021,46.18520
05-03-2021,46.17120
04-03-2021,46.21190
03-03-2021,46.20480
02-03-2021,46.22040
01-03-2021,46.21410
26-02-2021,46.16600
25-02-2021,46.26300
24-02-2021,46.26650
23-02-2021,46.23800
22-02-2021,46.22530
18-02-2021,46.31430
17-02-2021,46.40310
16-02-2021,46.44220
15-02-2021,46.45460
12-02-2021,46.47400
11-02-2021,46.49290
10-02-2021,46.41470
09-02-2021,46.35740
08-02-2021,46.43150
05-02-2021,46.34570
04-02-2021,46.46520
03-02-2021,46.43890
02-02-2021,46.37000
01-02-2021,46.55120
29-01-2021,46.90490
28-01-2021,46.91940
27-01-2021,46.90340
25-01-2021,46.90560
22-01-2021,46.88910
21-01-2021,46.85760
20-01-2021,46.86830
19-01-2021,46.86680
18-01-2021,46.84540
15-01-2021,46.81940
14-01-2021,46.89530
13-01-2021,46.87440
12-01-2021,46.90430
11-01-2021,46.93070
08-01-2021,47.01140
07-01-2021,46.99080
06-01-2021,46.97820
05-01-2021,46.96720
04-01-2021,46.92430
01-01-2021,46.84190
31-12-2020,46.83170
30-12-2020,46.80930
29-12-2020,46.76740
28-12-2020,46.79470
24-12-2020,46.70780
23-12-2020,46.68710
22-12-2020,46.67840
21-12-2020,46.66450
18-12-2020,46.67490
17-12-2020,46.68740
16-12-2020,46.68590
15-12-2020,46.69900
14-12-2020,46.67880
11-12-2020,46.65530
10-12-2020,46.71820
09-12-2020,46.69920
08-12-2020,46.65570
07-12-2020,46.68280
04-12-2020,46.70130
03-12-2020,46.62380
02-12-2020,46.59650
01-12-2020,46.61010
27-11-2020,46.61850
26-11-2020,46.65220
25-11-2020,46.62060
24-11-2020,46.56740
23-11-2020,46.53080
20-11-2020,46.52840
19-11-2020,46.50130
18-11-2020,46.48420
17-11-2020,46.48110
13-11-2020,46.42790
12-11-2020,46.38000
11-11-2020,46.38030
10-11-2020,46.37170
09-11-2020,46.42510
06-11-2020,46.43330
05-11-2020,46.39170
04-11-2020,46.32120
03-11-2020,46.31360
02-11-2020,46.33850
29-10-2020,46.33800
28-10-2020,46.40310
27-10-2020,46.40700
26-10-2020,46.42090
23-10-2020,46.32630
22-10-2020,46.21680
21-10-2020,46.22900
20-10-2020,46.19920
19-10-2020,46.19130
16-10-2020,46.16300
15-10-2020,46.22260
14-10-2020,46.19650
13-10-2020,46.17850
12-10-2020,46.16670
09-10-2020,46.05110
08-10-2020,45.75460
07-10-2020,45.74920
06-10-2020,45.73010
05-10-2020,45.75180
01-10-2020,45.72980
30-09-2020,45.67390
29-09-2020,45.62440
28-09-2020,45.59960
25-09-2020,45.65020
24-09-2020,45.67100
23-09-2020,45.67960
22-09-2020,45.66000
21-09-2020,45.64580
18-09-2020,45.63850
17-09-2020,45.63990
16-09-2020,45.68760
15-09-2020,45.64190
14-09-2020,45.62630
11-09-2020,45.61230
10-09-2020,45.64110
09-09-2020,45.67470
08-09-2020,45.57450
07-09-2020,45.71960
04-09-2020,45.85090
03-09-2020,45.91590
02-09-2020,45.83390
01-09-2020,45.78690
31-08-2020,45.36050
28-08-2020,45.20170
27-08-2020,45.21960
26-08-2020,45.20080
25-08-2020,45.27980
24-08-2020,45.20900
21-08-2020,45.42760
20-08-2020,45.69150
19-08-2020,45.68290
18-08-2020,45.72560
17-08-2020,45.75150
14-08-2020,45.75420
13-08-2020,45.80380
12-08-2020,45.76920
11-08-2020,45.76320
10-08-2020,45.74190
07-08-2020,45.72250
06-08-2020,45.75540
05-08-2020,45.83040
04-08-2020,45.82090
03-08-2020,45.79450
31-07-2020,45.77740
30-07-2020,45.74640
29-07-2020,45.73170
28-07-2020,45.70590
27-07-2020,45.73450
24-07-2020,45.79210
23-07-2020,45.76840
22-07-2020,45.75440
21-07-2020,45.77580
20-07-2020,45.80850
17-07-2020,45.78500
16-07-2020,45.75990
15-07-2020,45.73680
14-07-2020,45.71300
13-07-2020,45.72300
10-07-2020,45.70210
09-07-2020,45.56450
08-07-2020,45.51490
07-07-2020,45.47440
06-07-2020,45.36820
03-07-2020,45.34430
02-07-2020,45.32250
01-07-2020,45.30780
30-06-2020,45.21820
29-06-2020,45.17450
26-06-2020,45.09500
25-06-2020,45.06900
24-06-2020,45.00830
23-06-2020,45.01940
22-06-2020,45.01630
19-06-2020,45.03650
18-06-2020,44.95990
17-06-2020,44.86950
16-06-2020,44.83970
15-06-2020,44.89390
12-06-2020,44.85710
11-06-2020,44.88490
10-06-2020,44.86400
09-06-2020,44.89780
08-06-2020,44.86960
05-06-2020,44.83350
04-06-2020,44.82640
03-06-2020,44.80400
02-06-2020,44.79460
01-06-2020,44.81920
29-05-2020,44.86300
28-05-2020,44.87070
27-05-2020,44.89030
26-05-2020,44.88120
22-05-2020,44.87510
21-05-2020,44.71020
20-05-2020,44.64690
19-05-2020,44.64440
18-05-2020,44.58550
15-05-2020,44.51190
14-05-2020,44.49730
13-05-2020,44.39300
12-05-2020,44.34890
11-05-2020,44.33870
08-05-2020,44.56250
06-05-2020,44.48870
05-05-2020,44.37680
04-05-2020,44.26550
30-04-2020,44.12550
29-04-2020,44.02020
28-04-2020,44.03680
27-04-2020,44.13690
24-04-2020,44.21900
23-04-2020,44.49140
22-04-2020,44.20770
21-04-2020,44.17470
20-04-2020,44.11930
17-04-2020,43.80560
16-04-2020,43.58900
15-04-2020,43.49980
13-04-2020,43.47000
09-04-2020,43.39990
08-04-2020,43.40650
07-04-2020,43.62210
03-04-2020,43.83160
31-03-2020,44.02330
30-03-2020,43.89610
27-03-2020,43.97300
26-03-2020,43.23820
24-03-2020,43.12700
23-03-2020,43.08210
20-03-2020,43.36070
19-03-2020,43.04570
18-03-2020,43.43520
17-03-2020,43.60520
16-03-2020,43.74500
13-03-2020,43.61230
12-03-2020,43.92300
11-03-2020,44.23190
09-03-2020,44.34470
06-03-2020,44.32040
05-03-2020,44.22780
04-03-2020,44.23860
03-03-2020,44.03960
02-03-2020,44.05690
28-02-2020,43.98410
27-02-2020,44.00930
26-02-2020,44.04460
25-02-2020,44.01410
24-02-2020,44.01290
20-02-2020,43.91020
18-02-2020,43.93890
17-02-2020,43.93190
14-02-2020,43.92590
13-02-2020,43.79690
12-02-2020,43.69000
11-02-2020,43.68600
10-02-2020,43.69410
07-02-2020,43.66060
06-02-2020,43.54490
05-02-2020,43.36070
04-02-2020,43.36640
03-02-2020,43.33730
31-01-2020,43.08690
30-01-2020,43.11730
29-01-2020,43.10530
28-01-2020,43.09600
27-01-2020,43.13330
24-01-2020,43.07450
23-01-2020,43.04210
22-01-2020,42.98900
21-01-2020,42.96380
20-01-2020,42.92620
17-01-2020,42.92090
16-01-2020,42.85880
15-01-2020,42.81030
14-01-2020,42.73320
13-01-2020,42.85120
10-01-2020,42.85680
09-01-2020,42.95760
08-01-2020,42.88780
07-01-2020,42.88760
06-01-2020,42.84950
03-01-2020,42.96810
02-01-2020,42.97870
01-01-2020,42.95900
31-12-2019,42.85750
30-12-2019,42.85600
27-12-2019,42.89660
26-12-2019,42.82550
24-12-2019,42.80690
23-12-2019,42.81870
20-12-2019,42.74520
19-12-2019,42.44560
18-12-2019,42.46440
17-12-2019,42.37090
16-12-2019,42.27110
13-12-2019,42.27460
12-12-2019,42.31540
11-12-2019,42.34510
10-12-2019,42.43610
09-12-2019,42.50420
06-12-2019,42.48570
05-12-2019,42.58170
04-12-2019,42.90710
03-12-2019,42.86010
02-12-2019,42.78140
29-11-2019,42.77750
28-11-2019,42.77400
27-11-2019,42.73800
26-11-2019,42.72200
25-11-2019,42.72230
22-11-2019,42.66280
21-11-2019,42.62960
20-11-2019,42.66560
19-11-2019,42.62030
18-11-2019,42.58710
15-11-2019,42.52710
14-11-2019,42.48430
13-11-2019,42.44530
11-11-2019,42.35880
08-11-2019,42.38420
07-11-2019,42.44250
06-11-2019,42.45960
05-11-2019,42.43400
04-11-2019,42.49250
01-11-2019,42.50300
31-10-2019,42.47310
30-10-2019,42.41600
29-10-2019,42.37580
25-10-2019,42.35960
24-10-2019,42.34060
23-10-2019,42.33250
22-10-2019,42.28470
18-10-2019,42.24740
17-10-2019,42.21910
16-10-2019,42.26620
15-10-2019,42.22900
14-10-2019,42.21330
11-10-2019,42.14050
10-10-2019,42.20410
09-10-2019,42.22990
07-10-2019,42.20260
04-10-2019,42.17800
03-10-2019,42.28620
01-10-2019,42.17190
30-09-2019,42.08020
27-09-2019,41.98320
26-09-2019,41.98660
25-09-2019,41.94060
24-09-2019,41.92300
23-09-2019,41.97050
20-09-2019,41.91230
19-09-2019,42.20570
18-09-2019,42.19890
17-09-2019,42.02000
16-09-2019,42.05850
13-09-2019,42.13350
12-09-2019,42.08820
11-09-2019,42.11560
09-09-2019,42.23800
06-09-2019,42.17520
05-09-2019,42.18600
04-09-2019,42.21870
03-09-2019,42.20990
30-08-2019,42.09790
29-08-2019,42.10430
28-08-2019,42.11250
27-08-2019,42.15580
26-08-2019,42.18060
23-08-2019,42.04840
22-08-2019,42.03390
21-08-2019,41.98780
20-08-2019,41.92480
19-08-2019,41.87210
16-08-2019,41.89660
14-08-2019,41.78550
13-08-2019,41.94140
09-08-2019,41.95030
08-08-2019,42.08680
07-08-2019,42.05510
06-08-2019,42.03770
05-08-2019,41.97030
02-08-2019,42.03960
01-08-2019,41.92880
31-07-2019,41.96190
30-07-2019,41.90970
29-07-2019,41.87080
26-07-2019,41.72850
25-07-2019,41.71840
24-07-2019,41.86000
23-07-2019,41.83260
22-07-2019,41.88710
19-07-2019,41.95060
18-07-2019,41.91920
17-07-2019,41.94660
16-07-2019,41.97530
15-07-2019,41.86610
12-07-2019,41.77640
11-07-2019,41.75220
10-07-2019,41.69400
09-07-2019,41.63860
08-07-2019,41.64860
05-07-2019,41.47150
04-07-2019,41.33970
03-07-2019,41.25590
02-07-2019,41.21760
01-07-2019,41.17220
28-06-2019,41.18400
27-06-2019,41.14930
26-06-2019,41.11250
25-06-2019,41.17350
24-06-2019,41.21030
21-06-2019,41.20380
20-06-2019,41.30010
19-06-2019,41.22410
18-06-2019,41.20230
17-06-2019,41.10120
14-06-2019,41.09530
13-06-2019,41.01780
12-06-2019,40.99060
11-06-2019,40.94000
10-06-2019,40.90490
07-06-2019,41.00620
06-06-2019,41.06660
04-06-2019,40.94340
03-06-2019,40.96890
31-05-2019,40.89240
30-05-2019,40.75040
29-05-2019,40.77340
28-05-2019,40.75010
27-05-2019,40.72290
24-05-2019,40.58410
23-05-2019,40.53980
22-05-2019,40.46480
21-05-2019,40.43700
20-05-2019,40.44410
17-05-2019,40.33680
16-05-2019,40.30490
15-05-2019,40.29390
14-05-2019,40.29810
13-05-2019,40.26600
10-05-2019,40.21250
09-05-2019,40.22540
08-05-2019,40.22680
07-05-2019,40.20120
06-05-2019,40.18520
03-05-2019,40.14730
02-05-2019,40.15590
30-04-2019,40.13610
26-04-2019,40.09960
25-04-2019,40.06570
24-04-2019,40.09780
23-04-2019,40.02990
22-04-2019,40.03790
18-04-2019,40.10520
16-04-2019,40.10230
15-04-2019,40.10930
12-04-2019,40.09830
11-04-2019,40.13850
10-04-2019,40.14850
09-04-2019,40.11850
08-04-2019,40.09760
05-04-2019,40.16620
04-04-2019,40.20630
03-04-2019,40.30900
02-04-2019,40.33600
29-03-2019,40.18670
28-03-2019,40.11810
27-03-2019,40.08160
26-03-2019,40.08390
25-03-2019,40.11670
22-03-2019,40.04930
20-03-2019,40.00350
19-03-2019,39.96910
18-03-2019,40.01710
15-03-2019,39.95640
14-03-2019,39.94880
13-03-2019,39.87560
12-03-2019,39.89630
11-03-2019,39.85650
08-03-2019,39.80020
07-03-2019,39.74000
06-03-2019,39.69190
05-03-2019,39.68750
01-03-2019,39.63080
28-02-2019,39.57270
27-02-2019,39.50380
26-02-2019,39.57590
25-02-2019,39.59020
22-02-2019,39.56280
21-02-2019,39.58600
20-02-2019,39.58240
18-02-2019,39.56270
15-02-2019,39.59980
14-02-2019,39.63470
13-02-2019,39.67940
12-02-2019,39.57080
11-02-2019,39.59930
08-02-2019,39.59060
07-02-2019,39.56770
06-02-2019,39.43890
05-02-2019,39.39150
04-02-2019,39.36880
01-02-2019,39.41260
31-01-2019,39.53180
30-01-2019,39.47670
29-01-2019,39.50030
28-01-2019,39.49060
25-01-2019,39.46940
24-01-2019,39.45640
23-01-2019,39.44280
22-01-2019,39.45590
21-01-2019,39.38430
18-01-2019,39.39300
17-01-2019,39.42910
16-01-2019,39.43180
15-01-2019,39.50220
14-01-2019,39.52500
11-01-2019,39.44060
10-01-2019,39.42010
09-01-2019,39.41580
08-01-2019,39.42100
07-01-2019,39.34450
04-01-2019,39.38120
03-01-2019,39.38840
02-01-2019,39.42280
01-01-2019,39.38490
31-12-2018,39.41810
28-12-2018,39.39690
27-12-2018,39.47580
26-12-2018,39.45300
24-12-2018,39.39900
21-12-2018,39.39430
20-12-2018,39.37730
19-12-2018,39.37030
18-12-2018,39.23570
17-12-2018,39.19040
14-12-2018,39.17720
13-12-2018,39.18070
12-12-2018,39.18160
11-12-2018,39.10430
10-12-2018,39.11120
07-12-2018,39.18830
06-12-2018,39.19200
05-12-2018,39.15940
04-12-2018,39.05640
03-12-2018,39.02430
30-11-2018,39.01590
29-11-2018,38.98190
28-11-2018,38.92910
27-11-2018,38.88280
26-11-2018,38.87960
22-11-2018,38.84930
20-11-2018,38.79600
19-11-2018,38.77410
16-11-2018,38.74810
15-11-2018,38.76730
14-11-2018,38.74780
13-11-2018,38.70260
12-11-2018,38.67340
09-11-2018,38.67080
06-11-2018,38.63410
05-11-2018,38.61690
02-11-2018,38.59810
01-11-2018,38.54310
31-10-2018,38.52030
30-10-2018,38.50070
29-10-2018,38.50160
26-10-2018,38.46500
25-10-2018,38.46160
24-10-2018,38.46970
23-10-2018,38.44940
22-10-2018,38.43430
19-10-2018,38.42060
17-10-2018,38.41260
16-10-2018,38.41720
15-10-2018,38.38250
12-10-2018,38.31130
11-10-2018,38.28360
10-10-2018,38.28310
09-10-2018,38.23990
08-10-2018,38.30740
05-10-2018,38.27050
04-10-2018,38.13820
03-10-2018,38.22260
01-10-2018,38.29090
28-09-2018,38.23300
27-09-2018,38.19010
26-09-2018,38.12610
25-09-2018,38.09310
24-09-2018,38.11970
21-09-2018,38.17080
19-09-2018,38.16810
18-09-2018,38.15120
17-09-2018,38.13840
14-09-2018,38.11160
12-09-2018,38.07570
11-09-2018,38.07870
10-09-2018,38.07160
07-09-2018,38.14510
06-09-2018,38.11550
05-09-2018,38.12600
04-09-2018,38.16550
03-09-2018,38.24030
31-08-2018,38.24130
30-08-2018,38.30110
29-08-2018,38.32460
28-08-2018,38.31420
27-08-2018,38.31670
24-08-2018,38.29560
23-08-2018,38.31490
21-08-2018,38.32450
20-08-2018,38.28780
16-08-2018,38.23950
14-08-2018,38.27920
13-08-2018,38.27230
10-08-2018,38.30350
09-08-2018,38.29580
08-08-2018,38.27270
07-08-2018,38.26020
06-08-2018,38.26500
03-08-2018,38.24860
02-08-2018,38.26090
01-08-2018,38.25090
31-07-2018,38.18910
30-07-2018,38.16980
27-07-2018,38.15860
26-07-2018,38.15370
25-07-2018,38.13480
24-07-2018,38.13230
23-07-2018,38.13180
20-07-2018,38.12570
19-07-2018,38.14200
18-07-2018,38.14900
17-07-2018,38.12970
16-07-2018,38.08160
13-07-2018,38.07360
12-07-2018,38.06250
11-07-2018,37.98480
10-07-2018,37.96410
09-07-2018,37.96680
06-07-2018,37.95510
05-07-2018,37.94830
04-07-2018,37.96580
03-07-2018,37.92680
02-07-2018,37.91500
29-06-2018,37.88710
28-06-2018,37.85880
27-06-2018,37.91840
26-06-2018,37.93550
25-06-2018,37.94010
22-06-2018,37.93740
21-06-2018,37.95980
20-06-2018,37.88840
19-06-2018,37.85310
18-06-2018,37.83580
15-06-2018,37.78480
14-06-2018,37.73300
13-06-2018,37.70350
12-06-2018,37.65900
11-06-2018,37.65390
08-06-2018,37.67590
07-06-2018,37.59820
06-06-2018,37.69690
05-06-2018,37.80870
04-06-2018,37.77880
01-06-2018,37.79470
31-05-2018,37.79240
30-05-2018,37.86050
29-05-2018,37.84040
28-05-2018,37.86000
25-05-2018,37.78400
24-05-2018,37.67540
23-05-2018,37.68940
22-05-2018,37.73910
21-05-2018,37.70870
18-05-2018,37.69810
17-05-2018,37.63000
16-05-2018,37.64250
15-05-2018,37.69090
14-05-2018,37.77760
11-05-2018,37.89250
10-05-2018,37.89710
09-05-2018,37.91450
08-05-2018,38.05950
07-05-2018,37.98460
04-05-2018,37.85100
03-05-2018,37.84980
02-05-2018,37.83540
27-04-2018,37.77200
26-04-2018,37.78270
25-04-2018,37.83970
24-04-2018,37.93070
23-04-2018,37.85610
20-04-2018,37.88040
19-04-2018,38.01120
18-04-2018,38.21090
17-04-2018,38.29920
16-04-2018,38.30300
13-04-2018,38.34370
12-04-2018,38.28980
11-04-2018,38.24610
10-04-2018,38.45430
09-04-2018,38.65500
06-04-2018,38.71360
05-04-2018,38.76410
04-04-2018,38.50240
03-04-2018,38.43740
28-03-2018,38.31010
27-03-2018,38.34340
26-03-2018,37.87330
23-03-2018,37.92970
22-03-2018,37.89470
21-03-2018,37.86340
20-03-2018,37.84260
19-03-2018,37.84620
16-03-2018,37.86170
15-03-2018,37.74620
14-03-2018,37.70250
13-03-2018,37.69730
12-03-2018,37.70440
09-03-2018,37.63690
08-03-2018,37.64160
07-03-2018,37.61340
06-03-2018,37.49710
05-03-2018,37.48930
01-03-2018,37.48880
28-02-2018,37.50450
27-02-2018,37.55290
26-02-2018,37.53200
23-02-2018,37.54960
22-02-2018,37.47380
21-02-2018,37.55990
20-02-2018,37.61180
16-02-2018,37.71760
15-02-2018,37.72090
14-02-2018,37.84590
12-02-2018,37.82610
09-02-2018,37.81510
08-02-2018,37.84820
07-02-2018,37.74890
06-02-2018,37.66180
05-02-2018,37.60410
02-02-2018,37.65770
01-02-2018,37.62420
31-01-2018,37.87990
30-01-2018,37.87990
29-01-2018,37.89340
25-01-2018,38.03220
24-01-2018,38.05320
23-01-2018,38.08420
22-01-2018,38.00210
19-01-2018,37.97800
18-01-2018,37.97760
17-01-2018,38.06030
16-01-2018,37.82120
15-01-2018,38.01630
12-01-2018,38.00120
11-01-2018,38.01900
10-01-2018,38.03250
09-01-2018,38.17970
08-01-2018,38.24370
05-01-2018,38.26730
04-01-2018,38.06640
03-01-2018,38.06140
02-01-2018,38.02970
01-01-2018,38.08470
29-12-2017,38.05320
28-12-2017,37.91480
27-12-2017,38.20580
26-12-2017,38.16720
22-12-2017,38.19020
21-12-2017,38.24350
20-12-2017,38.26940
19-12-2017,38.30020
18-12-2017,38.29810
15-12-2017,38.32810
14-12-2017,38.31330
13-12-2017,38.24920
12-12-2017,38.25220
11-12-2017,38.29560
08-12-2017,38.39080
07-12-2017,38.45260
06-12-2017,38.46350
05-12-2017,38.40840
04-12-2017,38.37400
30-11-2017,38.38640
29-11-2017,38.41870
28-11-2017,38.40870
27-11-2017,38.38600
24-11-2017,38.41920
23-11-2017,38.40550
22-11-2017,38.44800
21-11-2017,38.56590
20-11-2017,38.58880
17-11-2017,38.33220
16-11-2017,38.29270
15-11-2017,38.38720
14-11-2017,38.33820
13-11-2017,38.46020
10-11-2017,38.48320
09-11-2017,38.54370
08-11-2017,38.52470
07-11-2017,38.54980
06-11-2017,38.59500
03-11-2017,38.61990
02-11-2017,38.60290
01-11-2017,38.56670
31-10-2017,38.58380
30-10-2017,38.54510
27-10-2017,38.63340
26-10-2017,38.62660
25-10-2017,38.58470
24-10-2017,38.59640
23-10-2017,38.55450
18-10-2017,38.62080
17-10-2017,38.59330
16-10-2017,38.62270
13-10-2017,38.59670
12-10-2017,38.51880
11-10-2017,38.51840
10-10-2017,38.50570
09-10-2017,38.48880
06-10-2017,38.50560
05-10-2017,38.54750
04-10-2017,38.62040
03-10-2017,38.72250
29-09-2017,38.64390
28-09-2017,38.65380
27-09-2017,38.60670
26-09-2017,38.61040
25-09-2017,38.68210
22-09-2017,38.59670
21-09-2017,38.57460
20-09-2017,38.77390
19-09-2017,38.73280
18-09-2017,38.72370
15-09-2017,38.75110
14-09-2017,38.79730
13-09-2017,38.80070
12-09-2017,38.84040
11-09-2017,38.84100
08-09-2017,38.84490
07-09-2017,38.86370
06-09-2017,38.87330
05-09-2017,38.85120
04-09-2017,38.84590
01-09-2017,38.86070
31-08-2017,38.76710
30-08-2017,38.74940
29-08-2017,38.76440
28-08-2017,38.70320
24-08-2017,38.71620
23-08-2017,38.71780
22-08-2017,38.72220
21-08-2017,38.74220
18-08-2017,38.74520
16-08-2017,38.70110
14-08-2017,38.71970
11-08-2017,38.71970
10-08-2017,38.73810
09-08-2017,38.80630
08-08-2017,38.79050
07-08-2017,38.79500
04-08-2017,38.82460
03-08-2017,38.84660
02-08-2017,38.72040
01-08-2017,38.73660
31-07-2017,38.70330
28-07-2017,38.72170
27-07-2017,38.75130
26-07-2017,38.73110
25-07-2017,38.74950
24-07-2017,38.79400
21-07-2017,38.73850
20-07-2017,38.66490
19-07-2017,38.65990
18-07-2017,38.60410
17-07-2017,38.58620
14-07-2017,38.56490
13-07-2017,38.59250
12-07-2017,38.56330
11-07-2017,38.53730
10-07-2017,38.57100
07-07-2017,38.43110
06-07-2017,38.40290
05-07-2017,38.35900
04-07-2017,38.31520
03-07-2017,38.32710
30-06-2017,38.49110
29-06-2017,38.50710
28-06-2017,38.49670
27-06-2017,38.60490
23-06-2017,38.61150
22-06-2017,38.61350
21-06-2017,38.66120
20-06-2017,38.61840
19-06-2017,38.59230
16-06-2017,38.54460
15-06-2017,38.58090
14-06-2017,38.58940
13-06-2017,38.58480
12-06-2017,38.53020
09-06-2017,38.54820
08-06-2017,38.47970
07-06-2017,38.24700
06-06-2017,37.99150
05-06-2017,37.94890
02-06-2017,37.93490
01-06-2017,37.93860
31-05-2017,37.80110
30-05-2017,37.77360
29-05-2017,37.74810
26-05-2017,37.77480
25-05-2017,37.71930
24-05-2017,37.64540
23-05-2017,37.65900
22-05-2017,37.63030
19-05-2017,37.50120
18-05-2017,37.51250
17-05-2017,37.48190
16-05-2017,37.48000
15-05-2017,37.52610
12-05-2017,37.35520
11-05-2017,37.29770
09-05-2017,37.28630
08-05-2017,37.29250
05-05-2017,37.25340
04-05-2017,37.21370
03-05-2017,37.23540
02-05-2017,37.19850
28-04-2017,37.21970
27-04-2017,37.23790
26-04-2017,37.23180
25-04-2017,37.29390
24-04-2017,37.23930
21-04-2017,37.19250
20-04-2017,37.27710
19-04-2017,37.27460
18-04-2017,37.24540
17-04-2017,37.25600
13-04-2017,37.26850
12-04-2017,37.18980
11-04-2017,37.14070
10-04-2017,37.07500
07-04-2017,37.03890
06-04-2017,37.08350
05-04-2017,37.26830
03-04-2017,37.26980
31-03-2017,37.28090
30-03-2017,37.26720
29-03-2017,37.23000
27-03-2017,37.23070
24-03-2017,37.06220
23-03-2017,37.02370
22-03-2017,37.00110
21-03-2017,36.87860
20-03-2017,36.85350
17-03-2017,36.83940
16-03-2017,36.84030
15-03-2017,36.78530
14-03-2017,36.69470
10-03-2017,36.65730
09-03-2017,36.78610
08-03-2017,36.78410
07-03-2017,36.78100
06-03-2017,36.78920
03-03-2017,36.85520
02-03-2017,36.79330
01-03-2017,36.75980
28-02-2017,36.87690
27-02-2017,36.88350
23-02-2017,36.84590
22-02-2017,36.83940
20-02-2017,36.91050
17-02-2017,36.97880
16-02-2017,36.97550
15-02-2017,36.91390
14-02-2017,36.89640
13-02-2017,36.98850
10-02-2017,37.00140
09-02-2017,36.90920
08-02-2017,37.31310
07-02-2017,37.93880
06-02-2017,37.92910
03-02-2017,37.92340
02-02-2017,37.93590
01-02-2017,37.88770
31-01-2017,37.88380
30-01-2017,37.89280
27-01-2017,37.88190
25-01-2017,37.88190
24-01-2017,37.87600
23-01-2017,37.87600
20-01-2017,37.86040
19-01-2017,37.87340
18-01-2017,37.91340
17-01-2017,37.95920
16-01-2017,37.93810
13-01-2017,37.96030
12-01-2017,37.96610
11-01-2017,37.92540
10-01-2017,37.96230
09-01-2017,37.98430
06-01-2017,38.03940
05-01-2017,38.06350
04-01-2017,38.07700
03-01-2017,37.94590
02-01-2017,37.97160
30-12-2016,37.56560
29-12-2016,37.46680
28-12-2016,37.33240
27-12-2016,37.33670
26-12-2016,37.44470
23-12-2016,37.57610
22-12-2016,37.73930
21-12-2016,37.85420
20-12-2016,37.82930
19-12-2016,37.79010
16-12-2016,37.83190
15-12-2016,37.86040
14-12-2016,38.20070
13-12-2016,38.22790
09-12-2016,38.27630
08-12-2016,38.36550
07-12-2016,38.51240
06-12-2016,38.95740
05-12-2016,38.95690
02-12-2016,38.92080
01-12-2016,39.01600
30-11-2016,38.95310
29-11-2016,38.73160
28-11-2016,38.77880
25-11-2016,39.01340
24-11-2016,39.07930
23-11-2016,38.77930
22-11-2016,38.50630
21-11-2016,38.45920
18-11-2016,38.11660
17-11-2016,38.11400
16-11-2016,38.14020
15-11-2016,37.88480
11-11-2016,37.42370
10-11-2016,37.51050
09-11-2016,37.42340
08-11-2016,37.16650
07-11-2016,37.12710
04-11-2016,37.08510
03-11-2016,37.16480
02-11-2016,37.15780
01-11-2016,37.17060
28-10-2016,37.18790
27-10-2016,37.20490
26-10-2016,37.22890
25-10-2016,37.21800
24-10-2016,37.25740
21-10-2016,37.22380
20-10-2016,37.19870
19-10-2016,37.22210
18-10-2016,37.22200
17-10-2016,37.17540
14-10-2016,37.16440
13-10-2016,37.26120
10-10-2016,37.30600
07-10-2016,37.25530
06-10-2016,37.30970
05-10-2016,37.38040
04-10-2016,37.23010
03-10-2016,37.19830
30-09-2016,37.06330
29-09-2016,36.99980
28-09-2016,37.18230
27-09-2016,37.15770
26-09-2016,37.10600
23-09-2016,36.96290
22-09-2016,36.88770
21-09-2016,36.72450
20-09-2016,36.67970
19-09-2016,36.71540
16-09-2016,36.70660
15-09-2016,36.70010
14-09-2016,36.68310
12-09-2016,36.70960
09-09-2016,36.78990
08-09-2016,36.78380
07-09-2016,36.78560
06-09-2016,36.64020
02-09-2016,36.58130
01-09-2016,36.60110
31-08-2016,36.60700
30-08-2016,36.57970
29-08-2016,36.50410
26-08-2016,36.47450
25-08-2016,36.45640
24-08-2016,36.42710
23-08-2016,36.35720
22-08-2016,36.35530
19-08-2016,36.46090
18-08-2016,36.43170
16-08-2016,36.54690
12-08-2016,36.55570
11-08-2016,36.54140
10-08-2016,36.44180
09-08-2016,36.29370
08-08-2016,36.08620
05-08-2016,36.08800
04-08-2016,36.02120
03-08-2016,35.98230
02-08-2016,36.05910
01-08-2016,36.14530
29-07-2016,35.97950
28-07-2016,35.91380
27-07-2016,35.65100
26-07-2016,35.62200
25-07-2016,35.58870
22-07-2016,35.52990
21-07-2016,35.47800
20-07-2016,35.42690
19-07-2016,35.34340
18-07-2016,35.26820
15-07-2016,35.28340
14-07-2016,35.23630
13-07-2016,35.23670
12-07-2016,35.13540
11-07-2016,35.00140
08-07-2016,34.98910
07-07-2016,34.95010
05-07-2016,34.89720
04-07-2016,34.83260
01-07-2016,34.82960
30-06-2016,34.77260
29-06-2016,34.75790
28-06-2016,34.67890
27-06-2016,34.61200
24-06-2016,34.49840
23-06-2016,34.45940
22-06-2016,34.43430
21-06-2016,34.40030
20-06-2016,34.37460
17-06-2016,34.36820
16-06-2016,34.36130
15-06-2016,34.34720
14-06-2016,34.33950
13-06-2016,34.31970
10-06-2016,34.34620
09-06-2016,34.34390
08-06-2016,34.33920
07-06-2016,34.33710
06-06-2016,34.34130
03-06-2016,34.31260
02-06-2016,34.30600
01-06-2016,34.27680
31-05-2016,34.30960
30-05-2016,34.31580
27-05-2016,34.27120
26-05-2016,34.27290
25-05-2016,34.27260
24-05-2016,34.26570
23-05-2016,34.26010
20-05-2016,34.23570
19-05-2016,34.24660
18-05-2016,34.24120
17-05-2016,34.25840
16-05-2016,34.25740
13-05-2016,34.25010
12-05-2016,34.27320
11-05-2016,34.25270
10-05-2016,34.25030
09-05-2016,34.23310
06-05-2016,34.20450
05-05-2016,34.19630
04-05-2016,34.21520
03-05-2016,34.17260
02-05-2016,34.19340
29-04-2016,34.17200
28-04-2016,34.15540
27-04-2016,34.13960
26-04-2016,34.13300
25-04-2016,34.16060
22-04-2016,34.19370
21-04-2016,34.15610
20-04-2016,34.21210
18-04-2016,34.21440
13-04-2016,34.16800
12-04-2016,34.23220
11-04-2016,34.16520
07-04-2016,34.09750
06-04-2016,33.95040
05-04-2016,33.92980
04-04-2016,33.89560
31-03-2016,33.79840
30-03-2016,33.70260
29-03-2016,33.69350
28-03-2016,33.74830
23-03-2016,33.67300
22-03-2016,33.67990
21-03-2016,33.71210
18-03-2016,33.44330
17-03-2016,33.38080
16-03-2016,33.20510
15-03-2016,33.11770
14-03-2016,33.02570
11-03-2016,32.93090
10-03-2016,32.93310
09-03-2016,32.91650
08-03-2016,32.92140
04-03-2016,32.87480
03-03-2016,32.78820
02-03-2016,32.80320
01-03-2016,32.79580
29-02-2016,32.76230
26-02-2016,32.35100
25-02-2016,32.24810
24-02-2016,32.35570
23-02-2016,32.39720
22-02-2016,32.52430
18-02-2016,32.57340
17-02-2016,32.55280
16-02-2016,32.59570
15-02-2016,32.63860
12-02-2016,32.66860
11-02-2016,32.67920
10-02-2016,32.67600
09-02-2016,32.68190
08-02-2016,32.70500
05-02-2016,32.70170
04-02-2016,32.66170
03-02-2016,32.62910
02-02-2016,32.66880
01-02-2016,32.77400
29-01-2016,32.77510
28-01-2016,32.75850
27-01-2016,32.80480
25-01-2016,32.78360
22-01-2016,32.82920
21-01-2016,32.88040
20-01-2016,32.80290
19-01-2016,32.73790
18-01-2016,32.72680
15-01-2016,32.73230
14-01-2016,32.82430
13-01-2016,32.86410
12-01-2016,32.89830
11-01-2016,32.92700
08-01-2016,32.93670
07-01-2016,32.92150
06-01-2016,32.89500
05-01-2016,32.89660
04-01-2016,32.87000
01-01-2016,32.84660
31-12-2015,32.81000
30-12-2015,32.80120
29-12-2015,32.78760
28-12-2015,32.82490
23-12-2015,32.80930
22-12-2015,32.77130
21-12-2015,32.77220
18-12-2015,32.82100
17-12-2015,32.88090
16-12-2015,32.85720
15-12-2015,32.78080
14-12-2015,32.77090
11-12-2015,32.80250
10-12-2015,32.79830
09-12-2015,32.80210
08-12-2015,32.80980
07-12-2015,32.86060
04-12-2015,32.84120
03-12-2015,32.95240
02-12-2015,32.89050
01-12-2015,32.89050
30-11-2015,32.83050
27-11-2015,32.86010
26-11-2015,32.93160
24-11-2015,32.93690
23-11-2015,32.89550
20-11-2015,32.92660
19-11-2015,32.99180
18-11-2015,32.98780
17-11-2015,32.99320
16-11-2015,33.02960
13-11-2015,33.02090
10-11-2015,32.94390
09-11-2015,32.89580
06-11-2015,32.97540
05-11-2015,32.97970
04-11-2015,33.03390
03-11-2015,33.06390
02-11-2015,33.06650
30-10-2015,33.02200
29-10-2015,33.03710
28-10-2015,33.07070
27-10-2015,33.06040
26-10-2015,33.04430
23-10-2015,33.06840
21-10-2015,33.08080
20-10-2015,33.08240
19-10-2015,33.06450
16-10-2015,33.06830
15-10-2015,33.06800
14-10-2015,33.05270
13-10-2015,33.04210
12-10-2015,33.03900
09-10-2015,33.09380
08-10-2015,33.05420
07-10-2015,33.01630
06-10-2015,33.04130
05-10-2015,33.05720
01-10-2015,32.94590
30-09-2015,32.97290
29-09-2015,32.79880
28-09-2015,32.56210
24-09-2015,32.56130
23-09-2015,32.55090
22-09-2015,32.55990
21-09-2015,32.57520
18-09-2015,32.56660
16-09-2015,32.42550
15-09-2015,32.40270
14-09-2015,32.39920
11-09-2015,32.34700
10-09-2015,32.33390
09-09-2015,32.38030
08-09-2015,32.35540
07-09-2015,32.31120
04-09-2015,32.35460
03-09-2015,32.38780
02-09-2015,32.38780
01-09-2015,32.37040
31-08-2015,32.31150
28-08-2015,32.30790
27-08-2015,32.33670
26-08-2015,32.27320
25-08-2015,32.22160
24-08-2015,32.13320
21-08-2015,32.27870
20-08-2015,32.33850
19-08-2015,32.32850
17-08-2015,32.29870
14-08-2015,32.28110
13-08-2015,32.24100
12-08-2015,32.14110
11-08-2015,32.13370
10-08-2015,32.13650
07-08-2015,32.10240
06-08-2015,32.09590
05-08-2015,32.04900
04-08-2015,32.04350
03-08-2015,32.10000
31-07-2015,32.07710
30-07-2015,32.02960
29-07-2015,32.02950
28-07-2015,32.01730
27-07-2015,31.91140
24-07-2015,31.89340
23-07-2015,31.89540
22-07-2015,31.86500
21-07-2015,31.84370
20-07-2015,31.84510
17-07-2015,31.83440
16-07-2015,31.82220
15-07-2015,31.82710
14-07-2015,31.82960
13-07-2015,31.77130
10-07-2015,31.90800
09-07-2015,31.91720
08-07-2015,31.93300
07-07-2015,31.91440
06-07-2015,31.92010
03-07-2015,31.80110
02-07-2015,31.77350
01-07-2015,31.72770
30-06-2015,31.65470
29-06-2015,31.57290
26-06-2015,31.64380
25-06-2015,31.66900
24-06-2015,31.76690
23-06-2015,31.82380
22-06-2015,31.84040
19-06-2015,31.85870
18-06-2015,31.71160
17-06-2015,31.52920
16-06-2015,31.43170
15-06-2015,31.48690
12-06-2015,31.44040
11-06-2015,31.47420
10-06-2015,31.57140
09-06-2015,31.63530
08-06-2015,31.59460
05-06-2015,31.61220
04-06-2015,31.60290
03-06-2015,31.71670
02-06-2015,31.80100
01-06-2015,31.99130
29-05-2015,31.99010
28-05-2015,31.94560
27-05-2015,31.90100
26-05-2015,31.89960
25-05-2015,31.92870
22-05-2015,31.92550
21-05-2015,31.90550
20-05-2015,31.90940
19-05-2015,31.87050
18-05-2015,31.74320
15-05-2015,31.68690
14-05-2015,31.70760
13-05-2015,31.68430
12-05-2015,31.71180
11-05-2015,31.78890
08-05-2015,31.65640
07-05-2015,31.73510
06-05-2015,31.86550
05-05-2015,31.96440
30-04-2015,31.93370
29-04-2015,32.00790
28-04-2015,32.05630
27-04-2015,32.03750
24-04-2015,32.01920
23-04-2015,32.07110
22-04-2015,32.07340
21-04-2015,32.03370
20-04-2015,32.01570
17-04-2015,32.00490
16-04-2015,31.99790
15-04-2015,32.00510
13-04-2015,31.97580
10-04-2015,31.97300
09-04-2015,31.99500
08-04-2015,31.96000
07-04-2015,31.98750
06-04-2015,32.10860
31-03-2015,32.03890
30-03-2015,31.95710
27-03-2015,31.89980
26-03-2015,31.87050
25-03-2015,31.90820
24-03-2015,31.94380
23-03-2015,31.95700
20-03-2015,31.94880
19-03-2015,31.93770
18-03-2015,31.87490
17-03-2015,31.89870
16-03-2015,31.86830
13-03-2015,31.84860
12-03-2015,31.95380
11-03-2015,31.91530
10-03-2015,31.92830
09-03-2015,31.96650
05-03-2015,32.02270
04-03-2015,32.08850
03-03-2015,31.95860
02-03-2015,31.99430
27-02-2015,32.00820
26-02-2015,31.98100
25-02-2015,32.00960
24-02-2015,31.97740
23-02-2015,31.99470
20-02-2015,31.99180
18-02-2015,31.95620
16-02-2015,31.96040
13-02-2015,31.97330
12-02-2015,31.88480
11-02-2015,31.91600
10-02-2015,31.92810
09-02-2015,31.92570
06-02-2015,31.95670
05-02-2015,31.94890
04-02-2015,31.92090
03-02-2015,31.94850
02-02-2015,32.02780
30-01-2015,31.92240
29-01-2015,31.88660
28-01-2015,31.89150
27-01-2015,31.86000
23-01-2015,31.84290
22-01-2015,31.82810
21-01-2015,31.83760
20-01-2015,31.73330
19-01-2015,31.71200
16-01-2015,31.73040
15-01-2015,31.63050
14-01-2015,31.36340
13-01-2015,31.35740
12-01-2015,31.26370
09-01-2015,31.15350
08-01-2015,31.14000
07-01-2015,31.11890
06-01-2015,31.04030
05-01-2015,31.07020
02-01-2015,31.08820
01-01-2015,31.12830
31-12-2014,31.15150
30-12-2014,31.11680
29-12-2014,31.01620
26-12-2014,30.94980
24-12-2014,30.98000
23-12-2014,30.99780
22-12-2014,30.93380
19-12-2014,30.94810
18-12-2014,30.98750
17-12-2014,30.93140
16-12-2014,30.91470
15-12-2014,31.26140
12-12-2014,31.25310
11-12-2014,31.17710
10-12-2014,31.06700
09-12-2014,31.07280
08-12-2014,31.00940
05-12-2014,30.96450
04-12-2014,30.90490
03-12-2014,30.88920
02-12-2014,30.87330
01-12-2014,30.70000
28-11-2014,30.61840
27-11-2014,30.49020
26-11-2014,30.47070
25-11-2014,30.46830
24-11-2014,30.44000
21-11-2014,30.42100
20-11-2014,30.41790
19-11-2014,30.39360
18-11-2014,30.39080
17-11-2014,30.33660
14-11-2014,30.26040
13-11-2014,30.28110
12-11-2014,30.34910
11-11-2014,30.31290
10-11-2014,30.32210
07-11-2014,30.27220
05-11-2014,30.28990
03-11-2014,30.12030
31-10-2014,30.03110
30-10-2014,29.93500
29-10-2014,29.84930
28-10-2014,29.81600
27-10-2014,29.77580
22-10-2014,29.66850
21-10-2014,29.65960
20-10-2014,29.61690
17-10-2014,29.55720
16-10-2014,29.57000
14-10-2014,29.49110
13-10-2014,29.41340
10-10-2014,29.35080
09-10-2014,29.31370
08-10-2014,29.37950
07-10-2014,29.30690
01-10-2014,29.22240
30-09-2014,29.17530
29-09-2014,29.20590
26-09-2014,29.25060
25-09-2014,29.16720
24-09-2014,29.16090
23-09-2014,29.15950
22-09-2014,29.17990
19-09-2014,29.12410
18-09-2014,29.10720
17-09-2014,29.01620
16-09-2014,28.98770
15-09-2014,28.98070
12-09-2014,28.94280
11-09-2014,28.93690
10-09-2014,28.89290
09-09-2014,28.91940
08-09-2014,28.92820
05-09-2014,28.88370
04-09-2014,28.86550
03-09-2014,28.87300
02-09-2014,28.85200
01-09-2014,28.81810
28-08-2014,28.80860
27-08-2014,28.80140
26-08-2014,28.77400
25-08-2014,28.76700
22-08-2014,28.81380
21-08-2014,28.82150
20-08-2014,28.83610
19-08-2014,28.73750
14-08-2014,28.70480
13-08-2014,28.63740
12-08-2014,28.57290
11-08-2014,28.59140
08-08-2014,28.52760
07-08-2014,28.53680
06-08-2014,28.54610
05-08-2014,28.59840
04-08-2014,28.75870
01-08-2014,28.74460
31-07-2014,28.76470
30-07-2014,28.74300
28-07-2014,28.77660
25-07-2014,28.80620
24-07-2014,28.84120
23-07-2014,28.82190
22-07-2014,28.78210
21-07-2014,28.72050
18-07-2014,28.63540
17-07-2014,28.65130
16-07-2014,28.62840
15-07-2014,28.60160
14-07-2014,28.52060
11-07-2014,28.58780
10-07-2014,28.68240
09-07-2014,28.70800
08-07-2014,28.70190
07-07-2014,28.73970
04-07-2014,28.74280
03-07-2014,28.71220
02-07-2014,28.69450
30-06-2014,28.59800
27-06-2014,28.57950
26-06-2014,28.59390
25-06-2014,28.61310
24-06-2014,28.62190
23-06-2014,28.55660
20-06-2014,28.60420
19-06-2014,28.67560
18-06-2014,28.69640
17-06-2014,28.76830
16-06-2014,28.71790
13-06-2014,28.77410
12-06-2014,28.80370
11-06-2014,28.81950
10-06-2014,28.80240
09-06-2014,28.81290
06-06-2014,28.82880
05-06-2014,28.73600
04-06-2014,28.60000
03-06-2014,28.54840
02-06-2014,28.41670
30-05-2014,28.39990
29-05-2014,28.31150
28-05-2014,28.27370
27-05-2014,28.25900
26-05-2014,28.21500
23-05-2014,28.24490
22-05-2014,28.13480
21-05-2014,28.07540
20-05-2014,27.98600
19-05-2014,27.95570
16-05-2014,27.95170
15-05-2014,27.94190
13-05-2014,27.92000
12-05-2014,27.96120
09-05-2014,27.93540
08-05-2014,27.90630
07-05-2014,27.88070
06-05-2014,27.89660
05-05-2014,27.91070
02-05-2014,27.80530
30-04-2014,27.75920
29-04-2014,27.73990
28-04-2014,27.69310
25-04-2014,27.67720
23-04-2014,27.64380
22-04-2014,27.61760
21-04-2014,27.56480
17-04-2014,27.47500
16-04-2014,27.36560
15-04-2014,27.34950
11-04-2014,27.31640
10-04-2014,27.22840
09-04-2014,27.20200
07-04-2014,27.19370
04-04-2014,27.19520
03-04-2014,27.28970
02-04-2014,27.33500
31-03-2014,27.50790
28-03-2014,27.49460
27-03-2014,27.46550
26-03-2014,27.47730
25-03-2014,27.44970
24-03-2014,27.45140
21-03-2014,27.38890
20-03-2014,27.32680
19-03-2014,27.34180
18-03-2014,27.29710
14-03-2014,27.26550
13-03-2014,27.30150
12-03-2014,27.29910
11-03-2014,27.27200
10-03-2014,27.21690
07-03-2014,27.17840
06-03-2014,27.17500
05-03-2014,27.11770
04-03-2014,27.10110
03-03-2014,27.07170
28-02-2014,27.08470
26-02-2014,27.01740
25-02-2014,27.04030
24-02-2014,27.05240
21-02-2014,27.10570
20-02-2014,27.10840
18-02-2014,27.10980
17-02-2014,27.07300
14-02-2014,27.06370
13-02-2014,27.02570
12-02-2014,27.08230
11-02-2014,27.16910
10-02-2014,27.24200
07-02-2014,27.20800
06-02-2014,27.22510
05-02-2014,27.22040
04-02-2014,27.21420
03-02-2014,27.13150
31-01-2014,27.08230
30-01-2014,27.08260
29-01-2014,27.14670
28-01-2014,27.17680
27-01-2014,27.22300
24-01-2014,27.25310
23-01-2014,27.36480
22-01-2014,27.38970
21-01-2014,27.45420
20-01-2014,27.46210
17-01-2014,27.32840
16-01-2014,27.35060
15-01-2014,27.29780
13-01-2014,27.17260
10-01-2014,27.09080
09-01-2014,27.05180
08-01-2014,27.01130
07-01-2014,27.02590
06-01-2014,27.00300
03-01-2014,26.94300
02-01-2014,26.93460
01-01-2014,26.91070
31-12-2013,26.93020
30-12-2013,26.86720
27-12-2013,26.79810
26-12-2013,26.83370
24-12-2013,26.83500
23-12-2013,26.87130
20-12-2013,26.86350
19-12-2013,26.87930
18-12-2013,26.79800
17-12-2013,26.67620
16-12-2013,26.70870
13-12-2013,26.66710
12-12-2013,26.76230
11-12-2013,26.75990
10-12-2013,26.75430
09-12-2013,26.71360
06-12-2013,26.79400
05-12-2013,26.85530
04-12-2013,26.85650
03-12-2013,26.87320
02-12-2013,26.88170
29-11-2013,26.84880
28-11-2013,26.86860
27-11-2013,26.86330
26-11-2013,26.78740
25-11-2013,26.72200
22-11-2013,26.69070
21-11-2013,26.70290
20-11-2013,26.71950
19-11-2013,26.72820
18-11-2013,26.64020
14-11-2013,26.56920
13-11-2013,26.62600
12-11-2013,26.49520
11-11-2013,26.59600
08-11-2013,26.59080
07-11-2013,26.72220
06-11-2013,26.78070
05-11-2013,26.84710
01-11-2013,26.85090
31-10-2013,26.90190
30-10-2013,26.93750
29-10-2013,26.92430
28-10-2013,26.82130
25-10-2013,26.86230
24-10-2013,26.85800
23-10-2013,26.83370
22-10-2013,26.84250
21-10-2013,26.85430
18-10-2013,26.87130
17-10-2013,26.77690
15-10-2013,26.68390
14-10-2013,26.81380
11-10-2013,26.93220
10-10-2013,26.96460
09-10-2013,26.92230
08-10-2013,26.88540
07-10-2013,26.59910
04-10-2013,26.58200
03-10-2013,26.49620
01-10-2013,26.38610
30-09-2013,26.33560
27-09-2013,26.33080
26-09-2013,26.32800
25-09-2013,26.21600
24-09-2013,26.20560
23-09-2013,26.23870
20-09-2013,26.59900
19-09-2013,27.02770
18-09-2013,26.68890
17-09-2013,26.60450
16-09-2013,26.58140
13-09-2013,26.51120
12-09-2013,26.51580
11-09-2013,26.55650
10-09-2013,26.53090
06-09-2013,26.47660
05-09-2013,26.59170
04-09-2013,26.52680
03-09-2013,26.34550
02-09-2013,26.42750
30-08-2013,26.16970
29-08-2013,26.09210
28-08-2013,25.95420
27-08-2013,26.20010
26-08-2013,26.60070
23-08-2013,26.64050
22-08-2013,26.66420
21-08-2013,26.53010
20-08-2013,25.79500
19-08-2013,25.37570
16-08-2013,25.87470
14-08-2013,26.22630
13-08-2013,26.36730
12-08-2013,26.56310
08-08-2013,26.75990
07-08-2013,26.72430
06-08-2013,26.69540
05-08-2013,26.74260
02-08-2013,26.67440
01-08-2013,26.80520
31-07-2013,26.64280
30-07-2013,26.69000
29-07-2013,26.85870
26-07-2013,26.84060
25-07-2013,26.72460
24-07-2013,26.52880
23-07-2013,26.79370
22-07-2013,26.96030
19-07-2013,27.12720
18-07-2013,27.09870
17-07-2013,26.89630
16-07-2013,26.91690
15-07-2013,27.84000
12-07-2013,27.86640
11-07-2013,27.94030
10-07-2013,27.85340
09-07-2013,27.82750
08-07-2013,27.78180
05-07-2013,27.89710
04-07-2013,27.94930
03-07-2013,27.84430
02-07-2013,27.94420
28-06-2013,27.94520
27-06-2013,27.73820
26-06-2013,27.73420
25-06-2013,27.85990
24-06-2013,27.86730
21-06-2013,28.00610
20-06-2013,28.02620
19-06-2013,28.29050
18-06-2013,28.27730
17-06-2013,28.29590
14-06-2013,28.18090
13-06-2013,28.15590
12-06-2013,28.20050
11-06-2013,28.19740
10-06-2013,28.26500
07-06-2013,28.34480
06-06-2013,28.38770
05-06-2013,28.38980
04-06-2013,28.40140
03-06-2013,28.32370
31-05-2013,28.30490
30-05-2013,28.33630
29-05-2013,28.37000
28-05-2013,28.43440
27-05-2013,28.44440
24-05-2013,28.42310
23-05-2013,28.37670
22-05-2013,28.39310
21-05-2013,28.40300
20-05-2013,28.39050
17-05-2013,28.32490
16-05-2013,28.32920
15-05-2013,28.25570
14-05-2013,28.15110
13-05-2013,27.95690
10-05-2013,27.92500
09-05-2013,27.88510
08-05-2013,27.73850
07-05-2013,27.66260
06-05-2013,27.62090
03-05-2013,27.62710
02-05-2013,27.59820
30-04-2013,27.57010
29-04-2013,27.52880
26-04-2013,27.52470
25-04-2013,27.49440
23-04-2013,27.51130
22-04-2013,27.47570
18-04-2013,27.41210
17-04-2013,27.35720
16-04-2013,27.31200
15-04-2013,27.27350
12-04-2013,27.20570
10-04-2013,27.16040
09-04-2013,27.16140
08-04-2013,27.12200
05-04-2013,27.07000
04-04-2013,27.03710
03-04-2013,27.02630
02-04-2013,26.97280
28-03-2013,26.97110
26-03-2013,26.93220
25-03-2013,26.94850
22-03-2013,26.92740
21-03-2013,26.94610
20-03-2013,26.95020
19-03-2013,26.97140
18-03-2013,27.00320
15-03-2013,27.01490
14-03-2013,27.00210
13-03-2013,26.93600
12-03-2013,26.93780
11-03-2013,26.97940
08-03-2013,26.97140
07-03-2013,26.94250
06-03-2013,26.92970
05-03-2013,26.90150
04-03-2013,26.88540
01-03-2013,26.86350
28-02-2013,26.89260
27-02-2013,26.96040
26-02-2013,26.94310
25-02-2013,26.95400
22-02-2013,26.94440
21-02-2013,26.93700
20-02-2013,26.94970
18-02-2013,26.91160
15-02-2013,26.90380
14-02-2013,26.91060
13-02-2013,26.88230
12-02-2013,26.85110
11-02-2013,26.86280
08-02-2013,26.86310
07-02-2013,26.81940
06-02-2013,26.75380
05-02-2013,26.73250
04-02-2013,26.70840
01-02-2013,26.74540
31-01-2013,26.73960
30-01-2013,26.77790
29-01-2013,26.82220
28-01-2013,26.80520
24-01-2013,26.77420
23-01-2013,26.78270
22-01-2013,26.80870
21-01-2013,26.80490
18-01-2013,26.80940
17-01-2013,26.82330
16-01-2013,26.76800
15-01-2013,26.85280
14-01-2013,26.89550
11-01-2013,26.76800
10-01-2013,26.72980
09-01-2013,26.67860
08-01-2013,26.65660
07-01-2013,26.64030
04-01-2013,26.58190
03-01-2013,26.53510
02-01-2013,26.48200
01-01-2013,26.47180
31-12-2012,26.35840
28-12-2012,26.29120
27-12-2012,26.27350
26-12-2012,26.25420
24-12-2012,26.22930
21-12-2012,26.20490
20-12-2012,26.19540
19-12-2012,26.19250
18-12-2012,26.19500
17-12-2012,26.19620
14-12-2012,26.17480
13-12-2012,26.15280
12-12-2012,26.13180
11-12-2012,26.13430
10-12-2012,26.13390
07-12-2012,26.12160
06-12-2012,26.10690
05-12-2012,26.10370
04-12-2012,26.09350
03-12-2012,26.07710
30-11-2012,26.05460
29-11-2012,26.00850
27-11-2012,26.00940
26-11-2012,25.98800
23-11-2012,25.96130
22-11-2012,25.97220
21-11-2012,25.99360
20-11-2012,25.99600
19-11-2012,26.00060
16-11-2012,25.97770
15-11-2012,25.97310
12-11-2012,25.94280
09-11-2012,25.93120
08-11-2012,25.93690
07-11-2012,25.92900
06-11-2012,25.92690
05-11-2012,25.90300
02-11-2012,25.89260
01-11-2012,25.89860
31-10-2012,25.87880
30-10-2012,25.94220
29-10-2012,25.97710
25-10-2012,25.96510
23-10-2012,25.95290
22-10-2012,25.96120
19-10-2012,25.95210
18-10-2012,25.93910
17-10-2012,25.92090
16-10-2012,25.90250
15-10-2012,25.87060
12-10-2012,25.85220
11-10-2012,25.84290
10-10-2012,25.84580
09-10-2012,25.85030
08-10-2012,25.84330
05-10-2012,25.80900
04-10-2012,25.82590
03-10-2012,25.81070
01-10-2012,25.77550
28-09-2012,25.74850
27-09-2012,25.68660
26-09-2012,25.66520
25-09-2012,25.66140
24-09-2012,25.67120
21-09-2012,25.63220
20-09-2012,25.59910
18-09-2012,25.57920
17-09-2012,25.55700
14-09-2012,25.52970
13-09-2012,25.52330
12-09-2012,25.49190
11-09-2012,25.50690
10-09-2012,25.49430
07-09-2012,25.45520
06-09-2012,25.48110
05-09-2012,25.45950
04-09-2012,25.42740
03-09-2012,25.41600
31-08-2012,25.37580
30-08-2012,25.40710
29-08-2012,25.41560
28-08-2012,25.41330
27-08-2012,25.39670
24-08-2012,25.36540
23-08-2012,25.34550
22-08-2012,25.34850
21-08-2012,25.32420
17-08-2012,25.31390
16-08-2012,25.29060
14-08-2012,25.31490
13-08-2012,25.32220
10-08-2012,25.33670
09-08-2012,25.35390
08-08-2012,25.35020
07-08-2012,25.33680
06-08-2012,25.26670
03-08-2012,25.23700
02-08-2012,25.24610
01-08-2012,25.22960
31-07-2012,25.21260
30-07-2012,25.29940
27-07-2012,25.31050
26-07-2012,25.30920
25-07-2012,25.30210
24-07-2012,25.31850
23-07-2012,25.32060
20-07-2012,25.27970
19-07-2012,25.26500
18-07-2012,25.26670
17-07-2012,25.22710
16-07-2012,25.24060
13-07-2012,25.16810
12-07-2012,25.16540
11-07-2012,25.14160
10-07-2012,25.12100
09-07-2012,25.12580
06-07-2012,25.09300
05-07-2012,25.07470
04-07-2012,25.07710
03-07-2012,25.03340
29-06-2012,25.00250
28-06-2012,25.01110
27-06-2012,25.01170
26-06-2012,25.03460
25-06-2012,25.04390
22-06-2012,25.02190
21-06-2012,25.00560
20-06-2012,24.94770
19-06-2012,24.94920
18-06-2012,24.93760
15-06-2012,25.02480
14-06-2012,25.04030
13-06-2012,25.07230
12-06-2012,25.06010
11-06-2012,24.99930
08-06-2012,24.97930
07-06-2012,24.97430
06-06-2012,24.93100
05-06-2012,24.94490
04-06-2012,24.92060
01-06-2012,24.86330
31-05-2012,24.84760
30-05-2012,24.73040
29-05-2012,24.71820
28-05-2012,24.71590
25-05-2012,24.69890
24-05-2012,24.70040
23-05-2012,24.69310
22-05-2012,24.68430
21-05-2012,24.67460
18-05-2012,24.66460
17-05-2012,24.65810
16-05-2012,24.64290
15-05-2012,24.63510
14-05-2012,24.60710
11-05-2012,24.56920
10-05-2012,24.58210
09-05-2012,24.58540
08-05-2012,24.59310
07-05-2012,24.49630
04-05-2012,24.48530
03-05-2012,24.49070
02-05-2012,24.46760
30-04-2012,24.44940
27-04-2012,24.44450
26-04-2012,24.44310
25-04-2012,24.45790
24-04-2012,24.50280
23-04-2012,24.49920
20-04-2012,24.49530
19-04-2012,24.56170
18-04-2012,24.59490
17-04-2012,24.58610
16-04-2012,24.50530
13-04-2012,24.47060
12-04-2012,24.47490
11-04-2012,24.38830
10-04-2012,24.33880
09-04-2012,24.31540
04-04-2012,24.22860
03-04-2012,24.18860
30-03-2012,24.29970
29-03-2012,24.28680
28-03-2012,24.30360
27-03-2012,24.37170
26-03-2012,24.39430
22-03-2012,24.42600
21-03-2012,24.41460
20-03-2012,24.39480
19-03-2012,24.37940
16-03-2012,24.35860
15-03-2012,24.41640
14-03-2012,24.47290
13-03-2012,24.42990
12-03-2012,24.44900
09-03-2012,24.45590
07-03-2012,24.46930
06-03-2012,24.48270
05-03-2012,24.47970
02-03-2012,24.46850
01-03-2012,24.45180
29-02-2012,24.48490
28-02-2012,24.47310
27-02-2012,24.45700
24-02-2012,24.43990
23-02-2012,24.45410
22-02-2012,24.44800
21-02-2012,24.47250
17-02-2012,24.45340
15-02-2012,24.44910
14-02-2012,24.44080
13-02-2012,24.41310
10-02-2012,24.43200
09-02-2012,24.35440
08-02-2012,24.37830
07-02-2012,24.40960
06-02-2012,24.41090
03-02-2012,24.41420
02-02-2012,24.42740
01-02-2012,24.40830
31-01-2012,24.25940
30-01-2012,24.23620
27-01-2012,24.18710
25-01-2012,24.21560
24-01-2012,24.19520
23-01-2012,24.33230
20-01-2012,24.31710
19-01-2012,24.31060
18-01-2012,24.27810
17-01-2012,24.25050
16-01-2012,24.23830
13-01-2012,24.24150
12-01-2012,24.19010
11-01-2012,24.20070
10-01-2012,24.21970
09-01-2012,24.24180
06-01-2012,24.18310
05-01-2012,24.11260
04-01-2012,24.07880
03-01-2012,24.07880
02-01-2012,24.01070
30-12-2011,23.85230
29-12-2011,23.88150
28-12-2011,23.92100
27-12-2011,23.89260
26-12-2011,23.94210
23-12-2011,23.98580
22-12-2011,24.02710
21-12-2011,24.04160
20-12-2011,24.07670
19-12-2011,24.06130
16-12-2011,23.97510
15-12-2011,23.82830
14-12-2011,23.81910
13-12-2011,23.87210
12-12-2011,23.83030
09-12-2011,23.75590
08-12-2011,23.73730
07-12-2011,23.66320
05-12-2011,23.60690
02-12-2011,23.49220
01-12-2011,23.43350
30-11-2011,23.37580
29-11-2011,23.25010
28-11-2011,23.22830
25-11-2011,23.20120
24-11-2011,23.22940
23-11-2011,23.19180
22-11-2011,23.17680
21-11-2011,23.17880
18-11-2011,23.15910
17-11-2011,23.18170
16-11-2011,23.05110
15-11-2011,23.04160
14-11-2011,22.99030
11-11-2011,22.98170
09-11-2011,22.98560
08-11-2011,23.05280
04-11-2011,23.09350
03-11-2011,23.12200
02-11-2011,23.11820
01-11-2011,23.06070
31-10-2011,23.08830
28-10-2011,23.10180
25-10-2011,23.18120
24-10-2011,23.11110
21-10-2011,23.06780
20-10-2011,23.09060
19-10-2011,23.09860
18-10-2011,23.09970
17-10-2011,23.07670
14-10-2011,23.05160
13-10-2011,23.09380
12-10-2011,23.08030
11-10-2011,23.07570
10-10-2011,23.03990
07-10-2011,23.15050
05-10-2011,23.24180
04-10-2011,23.26290
03-10-2011,23.27620
29-09-2011,23.38210
28-09-2011,23.47340
27-09-2011,23.48820
26-09-2011,23.48820
23-09-2011,23.45780
22-09-2011,23.46330
21-09-2011,23.44070
20-09-2011,23.42920
19-09-2011,23.42730
16-09-2011,23.39290
15-09-2011,23.42060
14-09-2011,23.41140
13-09-2011,23.43230
12-09-2011,23.44730
09-09-2011,23.42130
08-09-2011,23.42330
07-09-2011,23.40530
06-09-2011,23.43750
05-09-2011,23.42220
02-09-2011,23.36300
30-08-2011,23.37450
29-08-2011,23.37340
26-08-2011,23.38060
25-08-2011,23.40180
24-08-2011,23.40360
23-08-2011,23.38120
22-08-2011,23.37620
18-08-2011,23.31690
17-08-2011,23.31170
16-08-2011,23.31910
12-08-2011,23.31490
11-08-2011,23.36670
10-08-2011,23.35590
09-08-2011,23.33670
08-08-2011,23.29240
05-08-2011,23.21900
04-08-2011,23.14630
03-08-2011,23.13580
02-08-2011,23.12330
01-08-2011,23.11590
29-07-2011,23.10210
28-07-2011,23.10200
27-07-2011,23.07780
26-07-2011,23.10950
25-07-2011,23.21120
22-07-2011,23.18070
21-07-2011,23.19970
20-07-2011,23.19560
19-07-2011,23.20790
18-07-2011,23.18860
15-07-2011,23.17980
14-07-2011,23.16000
13-07-2011,23.10930
12-07-2011,23.11680
11-07-2011,23.08060
08-07-2011,23.03960
07-07-2011,23.04140
06-07-2011,23.02670
05-07-2011,23.02370
04-07-2011,22.97830
30-06-2011,22.96690
29-06-2011,22.96420
28-06-2011,22.96070
27-06-2011,22.95530
24-06-2011,22.95280
23-06-2011,22.93590
22-06-2011,22.93590
21-06-2011,22.94690
20-06-2011,22.95500
17-06-2011,22.91420
16-06-2011,22.89260
15-06-2011,22.82370
14-06-2011,22.85220
13-06-2011,22.89420
10-06-2011,22.87060
09-06-2011,22.84450
08-06-2011,22.83260
07-06-2011,22.78070
06-06-2011,22.77300
03-06-2011,22.75250
02-06-2011,22.73420
01-06-2011,22.69970
31-05-2011,22.66680
30-05-2011,22.65120
27-05-2011,22.64270
26-05-2011,22.68500
25-05-2011,22.69970
24-05-2011,22.69340
23-05-2011,22.70310
20-05-2011,22.68710
19-05-2011,22.69420
18-05-2011,22.69940
16-05-2011,22.69910
13-05-2011,22.68860
12-05-2011,22.70340
11-05-2011,22.66460
10-05-2011,22.67880
09-05-2011,22.68370
06-05-2011,22.68980
05-05-2011,22.66350
04-05-2011,22.67100
03-05-2011,22.69440
02-05-2011,22.75170
29-04-2011,22.74040
28-04-2011,22.74820
27-04-2011,22.75530
26-04-2011,22.75160
25-04-2011,22.74840
21-04-2011,22.74960
20-04-2011,22.74940
19-04-2011,22.76460
18-04-2011,22.75770
15-04-2011,22.76860
13-04-2011,22.78040
11-04-2011,22.78930
08-04-2011,22.79540
07-04-2011,22.82370
06-04-2011,22.82370
05-04-2011,22.83560
31-03-2011,22.78520
30-03-2011,22.75640
29-03-2011,22.75570
28-03-2011,22.75370
25-03-2011,22.73050
24-03-2011,22.71550
23-03-2011,22.70540
22-03-2011,22.69400
21-03-2011,22.68910
18-03-2011,22.68640
17-03-2011,22.68690
16-03-2011,22.68510
15-03-2011,22.68200
14-03-2011,22.67240
11-03-2011,22.65580
10-03-2011,22.64780
09-03-2011,22.63400
08-03-2011,22.62550
07-03-2011,22.59560
04-03-2011,22.58740
03-03-2011,22.58680
01-03-2011,22.54980
28-02-2011,22.53370
25-02-2011,22.49640
24-02-2011,22.49290
23-02-2011,22.49650
22-02-2011,22.49580
21-02-2011,22.48640
18-02-2011,22.46080
17-02-2011,22.46060
15-02-2011,22.44260
14-02-2011,22.43560
11-02-2011,22.41270
10-02-2011,22.41170
09-02-2011,22.40060
08-02-2011,22.38690
07-02-2011,22.37360
04-02-2011,22.36830
03-02-2011,22.37580
02-02-2011,22.37520
01-02-2011,22.36830
31-01-2011,22.37080
28-01-2011,22.37440
27-01-2011,22.36780
25-01-2011,22.35670
24-01-2011,22.33400
21-01-2011,22.33940
20-01-2011,22.35320
19-01-2011,22.33770
18-01-2011,22.33840
17-01-2011,22.33730
14-01-2011,22.33420
13-01-2011,22.36830
12-01-2011,22.34010
11-01-2011,22.31370
10-01-2011,22.32260
07-01-2011,22.34640
06-01-2011,22.36690
05-01-2011,22.42390
04-01-2011,22.41650
03-01-2011,22.42430
31-12-2010,22.44160
30-12-2010,22.43010
29-12-2010,22.44000
28-12-2010,22.43680
27-12-2010,22.43170
24-12-2010,22.40640
23-12-2010,22.38640
22-12-2010,22.38730
21-12-2010,22.38140
20-12-2010,22.38850
16-12-2010,22.37980
15-12-2010,22.27410
14-12-2010,22.25190
13-12-2010,22.19980
10-12-2010,22.19380
09-12-2010,22.13860
08-12-2010,22.12810
07-12-2010,22.14840
06-12-2010,22.11210
03-12-2010,22.16360
02-12-2010,22.22510
01-12-2010,22.21180
30-11-2010,22.23690
29-11-2010,22.25190
26-11-2010,22.27420
25-11-2010,22.24660
24-11-2010,22.23250
23-11-2010,22.25140
22-11-2010,22.23420
19-11-2010,22.21880
18-11-2010,22.22170
16-11-2010,22.19330
15-11-2010,22.20010
12-11-2010,22.17890
11-11-2010,22.18520
10-11-2010,22.20790
09-11-2010,22.23190
08-11-2010,22.23860
04-11-2010,22.23940
03-11-2010,22.26420
02-11-2010,22.22850
01-11-2010,22.13030
29-10-2010,22.10190
28-10-2010,22.07560
27-10-2010,22.07250
26-10-2010,22.04530
25-10-2010,22.08010
22-10-2010,22.07330
21-10-2010,22.09170
20-10-2010,22.06290
19-10-2010,22.09660
18-10-2010,22.07520
15-10-2010,22.10670
14-10-2010,22.14290
13-10-2010,22.14210
12-10-2010,22.15510
11-10-2010,22.14460
08-10-2010,22.12830
07-10-2010,22.16470
06-10-2010,22.17920
05-10-2010,22.14620
04-10-2010,22.15590
01-10-2010,22.17970
29-09-2010,22.21490
28-09-2010,22.20400
27-09-2010,22.19190
24-09-2010,22.17200
23-09-2010,22.13840
22-09-2010,22.10120
21-09-2010,22.07870
20-09-2010,22.05260
17-09-2010,22.02370
16-09-2010,22.03870
15-09-2010,22.05230
14-09-2010,22.04740
13-09-2010,22.02470
09-09-2010,22.05680
08-09-2010,22.04580
07-09-2010,22.06290
06-09-2010,21.96840
03-09-2010,21.97060
02-09-2010,21.97070
01-09-2010,21.97520
31-08-2010,21.98310
30-08-2010,21.97370
27-08-2010,21.96610
26-08-2010,21.94350
25-08-2010,21.93080
24-08-2010,21.94160
23-08-2010,21.91320
20-08-2010,21.92230
18-08-2010,21.92680
17-08-2010,21.95350
16-08-2010,21.97700
13-08-2010,21.95800
12-08-2010,21.94390
11-08-2010,21.96340
10-08-2010,21.91750
09-08-2010,21.91350
06-08-2010,21.88220
05-08-2010,21.83580
04-08-2010,21.88280
03-08-2010,21.88380
02-08-2010,21.83370
30-07-2010,21.86490
29-07-2010,21.90260
28-07-2010,22.00780
27-07-2010,21.90840
26-07-2010,21.94420
23-07-2010,21.92910
22-07-2010,22.01940
21-07-2010,21.90660
20-07-2010,21.91960
19-07-2010,21.93830
16-07-2010,21.97560
15-07-2010,21.89280
14-07-2010,21.89520
13-07-2010,21.89960
12-07-2010,21.90430
09-07-2010,21.88290
08-07-2010,21.91440
07-07-2010,21.92180
06-07-2010,21.89090
05-07-2010,21.88350
02-07-2010,21.90750
30-06-2010,21.89440
29-06-2010,21.87200
28-06-2010,21.84190
25-06-2010,21.79930
24-06-2010,21.86380
23-06-2010,21.86530
22-06-2010,21.85580
21-06-2010,21.84870
18-06-2010,21.83290
17-06-2010,21.79780
16-06-2010,21.80280
15-06-2010,21.75890
14-06-2010,21.74180
11-06-2010,21.78750
10-06-2010,21.84050
09-06-2010,21.84300
08-06-2010,21.84950
07-06-2010,21.85380
04-06-2010,21.82910
03-06-2010,21.78610
02-06-2010,21.84380
01-06-2010,21.82950
31-05-2010,21.81610
28-05-2010,21.80580
26-05-2010,21.80420
25-05-2010,21.92140
24-05-2010,21.96090
21-05-2010,21.89940
20-05-2010,21.89380
19-05-2010,21.89500
18-05-2010,21.86730
17-05-2010,21.84910
14-05-2010,21.82220
13-05-2010,21.77980
12-05-2010,21.76230
11-05-2010,21.72680
10-05-2010,21.69660
07-05-2010,21.71240
06-05-2010,21.68370
05-05-2010,21.75220
04-05-2010,21.67700
03-05-2010,21.64560
30-04-2010,21.59430
29-04-2010,21.61160
28-04-2010,21.61970
27-04-2010,21.59900
26-04-2010,21.57910
23-04-2010,21.57530
22-04-2010,21.57060
21-04-2010,21.52780
20-04-2010,21.50460
19-04-2010,21.44650
16-04-2010,21.43900
15-04-2010,21.48490
13-04-2010,21.44210
12-04-2010,21.46110
09-04-2010,21.47110
08-04-2010,21.49730
07-04-2010,21.51070
06-04-2010,21.49280
05-04-2010,21.48750
31-03-2010,21.45950
30-03-2010,21.45670
29-03-2010,21.45010
26-03-2010,21.40230
25-03-2010,21.38410
23-03-2010,21.37900
22-03-2010,21.36880
19-03-2010,21.37500
18-03-2010,21.33540
17-03-2010,21.29770
15-03-2010,21.26090
12-03-2010,21.19910
11-03-2010,21.20680
10-03-2010,21.21320
09-03-2010,21.22030
08-03-2010,21.18440
05-03-2010,21.23340
04-03-2010,21.20150
03-03-2010,21.21780
02-03-2010,21.20310
26-02-2010,21.18590
25-02-2010,21.20920
24-02-2010,21.21570
23-02-2010,21.24590
22-02-2010,21.26680
19-02-2010,21.18140
18-02-2010,21.16630
17-02-2010,21.16840
16-02-2010,21.18570
15-02-2010,21.18410
11-02-2010,21.20360
10-02-2010,21.24550
09-02-2010,21.28200
08-02-2010,21.30670
05-02-2010,21.30030
04-02-2010,21.26660
03-02-2010,21.29220
02-02-2010,21.31450
01-02-2010,21.36430
29-01-2010,21.37300
28-01-2010,21.39140
27-01-2010,21.41350
25-01-2010,21.39000
22-01-2010,21.37040
21-01-2010,21.35890
20-01-2010,21.31850
19-01-2010,21.30140
18-01-2010,21.31080
15-01-2010,21.28330
14-01-2010,21.29600
13-01-2010,21.25910
12-01-2010,21.25400
11-01-2010,21.27730
08-01-2010,21.28160
07-01-2010,21.24860
06-01-2010,21.26720
05-01-2010,21.28990
04-01-2010,21.25910
01-01-2010,21.27080
31-12-2009,21.25290
30-12-2009,21.25030
29-12-2009,21.22360
24-12-2009,21.23490
23-12-2009,21.22300
22-12-2009,21.20600
21-12-2009,21.20730
18-12-2009,21.19110
17-12-2009,21.22880
16-12-2009,21.18260
15-12-2009,21.21270
14-12-2009,21.22720
11-12-2009,21.19710
10-12-2009,21.19070
09-12-2009,21.20790
08-12-2009,21.21560
07-12-2009,21.17440
04-12-2009,21.17440
03-12-2009,21.21260
02-12-2009,21.22740
01-12-2009,21.23000
30-11-2009,21.28900
27-11-2009,21.33160
26-11-2009,21.35240
25-11-2009,21.33020
24-11-2009,21.29710
23-11-2009,21.26750
20-11-2009,21.29800
19-11-2009,21.23690
18-11-2009,21.18620
17-11-2009,21.17670
16-11-2009,21.11690
13-11-2009,21.09150
12-11-2009,21.08120
11-11-2009,21.08270
10-11-2009,21.07490
09-11-2009,21.04280
06-11-2009,21.02190
05-11-2009,21.01420
04-11-2009,20.98810
03-11-2009,20.98250
30-10-2009,20.94560
29-10-2009,20.98810
28-10-2009,20.93440
27-10-2009,20.90880
26-10-2009,20.87130
23-10-2009,20.85580
22-10-2009,20.85620
21-10-2009,20.89290
20-10-2009,20.83350
16-10-2009,20.81670
15-10-2009,20.83580
14-10-2009,20.82940
12-10-2009,20.83120
09-10-2009,20.86000
08-10-2009,20.91410
07-10-2009,20.91150
06-10-2009,20.93800
05-10-2009,20.98050
01-10-2009,20.90780
29-09-2009,20.90950
25-09-2009,20.91910
24-09-2009,20.98020
23-09-2009,20.98600
22-09-2009,20.96530
18-09-2009,20.99860
17-09-2009,20.92190
16-09-2009,20.96410
15-09-2009,20.92710
14-09-2009,20.87780
11-09-2009,20.77560
10-09-2009,20.76040
09-09-2009,20.80860
08-09-2009,20.78330
07-09-2009,20.82970
04-09-2009,20.70150
03-09-2009,20.73140
02-09-2009,20.72340
01-09-2009,20.72160
31-08-2009,20.72340
28-08-2009,20.74780
27-08-2009,20.76340
26-08-2009,20.81500
25-08-2009,20.74390
24-08-2009,20.69920
21-08-2009,20.76090
20-08-2009,20.80200
19-08-2009,20.83380
18-08-2009,20.83380
17-08-2009,20.84200
14-08-2009,20.83240
13-08-2009,20.86770
12-08-2009,20.85940
11-08-2009,20.84430
10-08-2009,20.81690
07-08-2009,20.84110
06-08-2009,20.82550
05-08-2009,20.87710
04-08-2009,20.89850
03-08-2009,20.90650
31-07-2009,20.92170
30-07-2009,20.95270
29-07-2009,21.00200
28-07-2009,21.01370
27-07-2009,21.00500
24-07-2009,21.00890
23-07-2009,21.00600
22-07-2009,20.97490
21-07-2009,20.95380
20-07-2009,20.96120
17-07-2009,21.00440
16-07-2009,20.97970
15-07-2009,20.94060
14-07-2009,20.93930
13-07-2009,20.93470
10-07-2009,20.89010
09-07-2009,20.89710
08-07-2009,20.90290
07-07-2009,20.85130
06-07-2009,20.88530
03-07-2009,21.05810
02-07-2009,21.03510
30-06-2009,20.91180
29-06-2009,20.88290
26-06-2009,20.84780
25-06-2009,20.81020
24-06-2009,20.82830
23-06-2009,20.82550
22-06-2009,20.81100
19-06-2009,20.82960
18-06-2009,20.79400
17-06-2009,20.73980
16-06-2009,20.73370
15-06-2009,20.72360
12-06-2009,20.65870
11-06-2009,20.66380
10-06-2009,20.72590
09-06-2009,20.76960
08-06-2009,20.78770
05-06-2009,20.80960
04-06-2009,20.81580
03-06-2009,20.77610
02-06-2009,20.65820
01-06-2009,20.64740
29-05-2009,20.64050
28-05-2009,20.59660
27-05-2009,20.69630
26-05-2009,20.77490
25-05-2009,20.76430
22-05-2009,20.81920
21-05-2009,20.93430
20-05-2009,20.96850
19-05-2009,20.92360
18-05-2009,21.08140
15-05-2009,20.90410
14-05-2009,20.85270
13-05-2009,20.78450
12-05-2009,20.77030
11-05-2009,20.84990
08-05-2009,20.89320
07-05-2009,21.02010
06-05-2009,21.06630
05-05-2009,20.95890
04-05-2009,20.90870
29-04-2009,21.01650
28-04-2009,21.03430
27-04-2009,21.03180
24-04-2009,21.03750
23-04-2009,21.02750
22-04-2009,21.19510
21-04-2009,21.13690
20-04-2009,20.84250
17-04-2009,20.84420
16-04-2009,20.74850
15-04-2009,20.60310
13-04-2009,20.50780
09-04-2009,20.59400
08-04-2009,20.42900
06-04-2009,20.24280
02-04-2009,20.21700
31-03-2009,20.06530
30-03-2009,19.95000
27-03-2009,19.94450
26-03-2009,19.94110
25-03-2009,20.01190
24-03-2009,20.00190
23-03-2009,20.05560
20-03-2009,20.03850
19-03-2009,19.94630
18-03-2009,19.92990
17-03-2009,19.89880
16-03-2009,19.92910
13-03-2009,19.68920
12-03-2009,19.63860
09-03-2009,19.82720
06-03-2009,19.92750
05-03-2009,20.09180
04-03-2009,20.08850
03-03-2009,20.18650
02-03-2009,20.19670
27-02-2009,20.15410
26-02-2009,20.02170
25-02-2009,19.90240
24-02-2009,19.96600
20-02-2009,20.01520
19-02-2009,20.01370
18-02-2009,19.98800
17-02-2009,19.92120
16-02-2009,20.05500
13-02-2009,20.16070
12-02-2009,20.13070
11-02-2009,19.99750
10-02-2009,20.02200
09-02-2009,20.12300
06-02-2009,20.18270
05-02-2009,19.98440
04-02-2009,20.01290
03-02-2009,20.10360
02-02-2009,20.14940
30-01-2009,20.13490
29-01-2009,20.18640
28-01-2009,20.19710
27-01-2009,20.27130
23-01-2009,20.39470
22-01-2009,20.31050
21-01-2009,20.31080
20-01-2009,20.43900
19-01-2009,20.51740
16-01-2009,20.52020
15-01-2009,20.55040
14-01-2009,20.51590
13-01-2009,20.42880
12-01-2009,20.39480
09-01-2009,20.12100
07-01-2009,20.23440
06-01-2009,21.00180
05-01-2009,21.16720
02-01-2009,21.07160
01-01-2009,20.86160
31-12-2008,20.86750
30-12-2008,20.82770
29-12-2008,20.60110
26-12-2008,20.50990
24-12-2008,20.54190
23-12-2008,20.43960
22-12-2008,20.49330
19-12-2008,20.63280
18-12-2008,20.62050
17-12-2008,20.38120
16-12-2008,20.21040
15-12-2008,20.03310
12-12-2008,19.98950
11-12-2008,19.61700
10-12-2008,19.48540
08-12-2008,19.39680
05-12-2008,19.17320
04-12-2008,19.02450
03-12-2008,18.80900
02-12-2008,18.66750
01-12-2008,18.61090
28-11-2008,18.51920
26-11-2008,18.49480
25-11-2008,18.45070
24-11-2008,18.45390
21-11-2008,18.43310
20-11-2008,18.41980
19-11-2008,18.33360
18-11-2008,18.26010
17-11-2008,18.18140
14-11-2008,18.16910
12-11-2008,18.08030
11-11-2008,18.05150
10-11-2008,18.04490
07-11-2008,17.99040
06-11-2008,17.89700
05-11-2008,17.89610
04-11-2008,17.88980
03-11-2008,17.89530
31-10-2008,17.89120
29-10-2008,17.96020
27-10-2008,17.98290
24-10-2008,18.01690
23-10-2008,18.00760
22-10-2008,18.00270
21-10-2008,17.93450
20-10-2008,17.96400
17-10-2008,17.83640
16-10-2008,17.80560
15-10-2008,17.78830
14-10-2008,17.77330
13-10-2008,17.80900
10-10-2008,17.82360
08-10-2008,17.74710
07-10-2008,17.98310
06-10-2008,18.06420
03-10-2008,18.07720
01-10-2008,18.05760
30-09-2008,18.06390
29-09-2008,18.05920
26-09-2008,18.04480
25-09-2008,18.03280
24-09-2008,18.03910
23-09-2008,18.05440
22-09-2008,18.05790
19-09-2008,18.01300
18-09-2008,18.03570
17-09-2008,18.07530
16-09-2008,18.08120
15-09-2008,18.07350
12-09-2008,18.04880
11-09-2008,18.03260
10-09-2008,18.02660
09-09-2008,18.01330
08-09-2008,18.00900
05-09-2008,17.99600
04-09-2008,17.99120
02-09-2008,17.98200
01-09-2008,17.96440
29-08-2008,17.95230
28-08-2008,17.94700
27-08-2008,17.94030
26-08-2008,17.93760
25-08-2008,17.93080
22-08-2008,17.91800
21-08-2008,17.91320
20-08-2008,17.92630
19-08-2008,17.93970
18-08-2008,17.93540
14-08-2008,17.91710
13-08-2008,17.91880
12-08-2008,17.93150
11-08-2008,17.93940
08-08-2008,17.90470
07-08-2008,17.90040
06-08-2008,17.89610
05-08-2008,17.89110
04-08-2008,17.88340
01-08-2008,17.86970
31-07-2008,17.86360
30-07-2008,17.86220
29-07-2008,17.88210
28-07-2008,17.91090
25-07-2008,17.89790
24-07-2008,17.89370
23-07-2008,17.87610
22-07-2008,17.87560
21-07-2008,17.84320
18-07-2008,17.87250
17-07-2008,17.86920
16-07-2008,17.86710
15-07-2008,17.87150
14-07-2008,17.86800
11-07-2008,17.87190
10-07-2008,17.86560
09-07-2008,17.86140
08-07-2008,17.87750
07-07-2008,17.87370
04-07-2008,17.86180
03-07-2008,17.85500
02-07-2008,17.85140
01-07-2008,17.91190
30-06-2008,17.90790
27-06-2008,17.87020
26-06-2008,17.90500
25-06-2008,17.84420
24-06-2008,17.95250
23-06-2008,17.93210
20-06-2008,17.96090
19-06-2008,18.02720
18-06-2008,18.06180
17-06-2008,18.05960
16-06-2008,18.05350
13-06-2008,18.03190
12-06-2008,18.05780
11-06-2008,18.08950
10-06-2008,18.07210
09-06-2008,18.06570
06-06-2008,18.08940
05-06-2008,18.10290
04-06-2008,18.10620
03-06-2008,18.11790
02-06-2008,18.13390
30-05-2008,18.12570
29-05-2008,18.14400
28-05-2008,18.15340
27-05-2008,18.14040
26-05-2008,18.14470
23-05-2008,18.13220
22-05-2008,18.12780
21-05-2008,18.16860
20-05-2008,18.17530
16-05-2008,18.16910
15-05-2008,18.16880
14-05-2008,18.18090
13-05-2008,18.20020
12-05-2008,18.19350
09-05-2008,18.16140
08-05-2008,18.14610
07-05-2008,18.16190
06-05-2008,18.19910
05-05-2008,18.19740
02-05-2008,18.15330
30-04-2008,18.09690
29-04-2008,18.07560
28-04-2008,17.95130
25-04-2008,17.92490
24-04-2008,17.88930
23-04-2008,17.88840
22-04-2008,17.89480
21-04-2008,17.83580
17-04-2008,17.90610
16-04-2008,17.92910
15-04-2008,17.96770
11-04-2008,17.94140
10-04-2008,17.95940
09-04-2008,17.99560
08-04-2008,17.96590
07-04-2008,17.93620
04-04-2008,17.97470
03-04-2008,18.08640
02-04-2008,18.05440
01-04-2008,18.06580
31-03-2008,18.06270
28-03-2008,18.08230
27-03-2008,18.16240
26-03-2008,18.14980
25-03-2008,18.17450
24-03-2008,18.18220
19-03-2008,18.26220
18-03-2008,18.28720
17-03-2008,18.26000
14-03-2008,18.24580
13-03-2008,18.28210
12-03-2008,18.31420
11-03-2008,18.24870
10-03-2008,18.24500
07-03-2008,18.29270
05-03-2008,18.33390
04-03-2008,18.30270
03-03-2008,18.35820
29-02-2008,18.32170
28-02-2008,18.27440
27-02-2008,18.27290
26-02-2008,18.26570
25-02-2008,18.29230
22-02-2008,18.24460
21-02-2008,18.31340
20-02-2008,18.27080
19-02-2008,18.33360
18-02-2008,18.34150
15-02-2008,18.37760
14-02-2008,18.42360
13-02-2008,18.44280
12-02-2008,18.44360
11-02-2008,18.44830
08-02-2008,18.41800
07-02-2008,18.40330
06-02-2008,18.37510
05-02-2008,18.35000
04-02-2008,18.34330
01-02-2008,18.34910
31-01-2008,18.32900
30-01-2008,18.29340
29-01-2008,18.32330
28-01-2008,18.39470
25-01-2008,18.39970
24-01-2008,18.42000
23-01-2008,18.41970
22-01-2008,18.30110
21-01-2008,18.26900
18-01-2008,18.25550
17-01-2008,18.24410
16-01-2008,18.24470
15-01-2008,18.25990
14-01-2008,18.24090
11-01-2008,18.22100
10-01-2008,18.18690
09-01-2008,18.13400
08-01-2008,18.11850
07-01-2008,18.13340
04-01-2008,18.07450
03-01-2008,18.06390
02-01-2008,18.05500
01-01-2008,18.04410
31-12-2007,17.97690
28-12-2007,17.93500
27-12-2007,17.90130
26-12-2007,17.88110
24-12-2007,17.85860
20-12-2007,17.84440
19-12-2007,17.83080
18-12-2007,17.82530
17-12-2007,17.81360
14-12-2007,17.79640
13-12-2007,17.78820
12-12-2007,17.79680
11-12-2007,17.79950
10-12-2007,17.80300
07-12-2007,17.79660
06-12-2007,17.79420
05-12-2007,17.77610
04-12-2007,17.77090
03-12-2007,17.76300
30-11-2007,17.74190
29-11-2007,17.68990
28-11-2007,17.68500
27-11-2007,17.68240
26-11-2007,17.68210
23-11-2007,17.66790
22-11-2007,17.64970
21-11-2007,17.64560
20-11-2007,17.64340
19-11-2007,17.63560
16-11-2007,17.63210
15-11-2007,17.62490
14-11-2007,17.62400
13-11-2007,17.61530
12-11-2007,17.56950
08-11-2007,17.55520
07-11-2007,17.57720
06-11-2007,17.59570
05-11-2007,17.62890
02-11-2007,17.62230
01-11-2007,17.62620
31-10-2007,17.62790
30-10-2007,17.65730
29-10-2007,17.67840
26-10-2007,17.64680
25-10-2007,17.64360
24-10-2007,17.63340
23-10-2007,17.58470
22-10-2007,17.52800
19-10-2007,17.48450
18-10-2007,17.47570
17-10-2007,17.44880
16-10-2007,17.45330
15-10-2007,17.44870
12-10-2007,17.43130
11-10-2007,17.42900
10-10-2007,17.42680
09-10-2007,17.41020
08-10-2007,17.40670
05-10-2007,17.39510
04-10-2007,17.39940
03-10-2007,17.40410
01-10-2007,17.35340
28-09-2007,17.33920
27-09-2007,17.30580
26-09-2007,17.28130
25-09-2007,17.31170
24-09-2007,17.31900
21-09-2007,17.31930
20-09-2007,17.31060
19-09-2007,17.28680
18-09-2007,17.25280
17-09-2007,17.24330
14-09-2007,17.23660
13-09-2007,17.22700
12-09-2007,17.22660
11-09-2007,17.22160
10-09-2007,17.23910
07-09-2007,17.19450
06-09-2007,17.18380
05-09-2007,17.18640
04-09-2007,17.18370
03-09-2007,17.18480
31-08-2007,17.17270
30-08-2007,17.15920
29-08-2007,17.16380
28-08-2007,17.17740
27-08-2007,17.20050
24-08-2007,17.19700
23-08-2007,17.19110
22-08-2007,17.18840
21-08-2007,17.17560
20-08-2007,17.16470
17-08-2007,17.15570
16-08-2007,17.14960
14-08-2007,17.15400
13-08-2007,17.15820
10-08-2007,17.14860
09-08-2007,17.17640
08-08-2007,17.22730
07-08-2007,17.27480
06-08-2007,17.25550
03-08-2007,17.24050
02-08-2007,17.22900
01-08-2007,17.21700
31-07-2007,17.27940
30-07-2007,17.29810
27-07-2007,17.28980
26-07-2007,17.30410
25-07-2007,17.29450
24-07-2007,17.33920
23-07-2007,17.35120
20-07-2007,17.24880
19-07-2007,17.23730
18-07-2007,17.27690
17-07-2007,17.19980
16-07-2007,17.11440
13-07-2007,17.07730
12-07-2007,17.04360
11-07-2007,17.02910
10-07-2007,16.98740
09-07-2007,16.98950
06-07-2007,16.88740
05-07-2007,16.89880
04-07-2007,16.87050
03-07-2007,16.83600
02-07-2007,16.79150
29-06-2007,16.76830
28-06-2007,16.76320
27-06-2007,16.74770
26-06-2007,16.75440
25-06-2007,16.75720
22-06-2007,16.74190
21-06-2007,16.73550
20-06-2007,16.72800
19-06-2007,16.73200
18-06-2007,16.75260
15-06-2007,16.72120
14-06-2007,16.70070
13-06-2007,16.66350
12-06-2007,16.66710
11-06-2007,16.66080
08-06-2007,16.69440
07-06-2007,16.70710
06-06-2007,16.69730
05-06-2007,16.70800
04-06-2007,16.71190
01-06-2007,16.68780
31-05-2007,16.68330
30-05-2007,16.67260
29-05-2007,16.67330
28-05-2007,16.67700
25-05-2007,16.64950
24-05-2007,16.63600
23-05-2007,16.63660
22-05-2007,16.63690
21-05-2007,16.63600
18-05-2007,16.60420
17-05-2007,16.61170
16-05-2007,16.61440
15-05-2007,16.60690
14-05-2007,16.59700
11-05-2007,16.58250
10-05-2007,16.58100
09-05-2007,16.63510
08-05-2007,16.64370
07-05-2007,16.62860
04-05-2007,16.61580
03-05-2007,16.62300
30-04-2007,16.62230
27-04-2007,16.62020
26-04-2007,16.62920
25-04-2007,16.63800
24-04-2007,16.63400
23-04-2007,16.61110
20-04-2007,16.60370
19-04-2007,16.60200
18-04-2007,16.59690
17-04-2007,16.58590
16-04-2007,16.58040
13-04-2007,16.57480
12-04-2007,16.57360
11-04-2007,16.57670
10-04-2007,16.57930
09-04-2007,16.55850
05-04-2007,16.53050
04-04-2007,16.52140
03-04-2007,16.50720
02-04-2007,16.55650
30-03-2007,16.54630
29-03-2007,16.54760
28-03-2007,16.54190
26-03-2007,16.53200
23-03-2007,16.53410
22-03-2007,16.52940
21-03-2007,16.50560
20-03-2007,16.49840
19-03-2007,16.50460
16-03-2007,16.49490
15-03-2007,16.50080
14-03-2007,16.52570
13-03-2007,16.54790
12-03-2007,16.55400
09-03-2007,16.53230
08-03-2007,16.53150
07-03-2007,16.54550
06-03-2007,16.54060
05-03-2007,16.53280
02-03-2007,16.52730
01-03-2007,16.54900
28-02-2007,16.53930
27-02-2007,16.55780
26-02-2007,16.57750
23-02-2007,16.57740
22-02-2007,16.56960
21-02-2007,16.57240
20-02-2007,16.57310
19-02-2007,16.59340
15-02-2007,16.62940
14-02-2007,16.61980
13-02-2007,16.64050
12-02-2007,16.65250
09-02-2007,16.66420
08-02-2007,16.67790
07-02-2007,16.68690
06-02-2007,16.68290
05-02-2007,16.69940
02-02-2007,16.69990
01-02-2007,16.68730
31-01-2007,16.68450
29-01-2007,16.66130
25-01-2007,16.65270
24-01-2007,16.65330
23-01-2007,16.64740
22-01-2007,16.65890
19-01-2007,16.65910
18-01-2007,16.65490
17-01-2007,16.64890
16-01-2007,16.66790
15-01-2007,16.67860
12-01-2007,16.67370
11-01-2007,16.70350
10-01-2007,16.70020
09-01-2007,16.70180
08-01-2007,16.66960
05-01-2007,16.64760
04-01-2007,16.64070
03-01-2007,16.68610
02-01-2007,16.68860
29-12-2006,16.66260
28-12-2006,16.68340
27-12-2006,16.71700
26-12-2006,16.71140
22-12-2006,16.70550
21-12-2006,16.70340
20-12-2006,16.70240
19-12-2006,16.70210
18-12-2006,16.71470
15-12-2006,16.69980
14-12-2006,16.68590
13-12-2006,16.68800
12-12-2006,16.68550
11-12-2006,16.71860
08-12-2006,16.75080
07-12-2006,16.74760
06-12-2006,16.74610
05-12-2006,16.74220
04-12-2006,16.73720
01-12-2006,16.71410
30-11-2006,16.71150
29-11-2006,16.70940
28-11-2006,16.70790
27-11-2006,16.70100
24-11-2006,16.69090
23-11-2006,16.68640
22-11-2006,16.67480
21-11-2006,16.66550
20-11-2006,16.66050
17-11-2006,16.64610
16-11-2006,16.64200
15-11-2006,16.64090
14-11-2006,16.63370
13-11-2006,16.63100
10-11-2006,16.62230
09-11-2006,16.61920
08-11-2006,16.61630
07-11-2006,16.61400
06-11-2006,16.61110
03-11-2006,16.58880
02-11-2006,16.60250
01-11-2006,16.59960
31-10-2006,16.59550
30-10-2006,16.59150
27-10-2006,16.58410
26-10-2006,16.58130
23-10-2006,16.57060
20-10-2006,16.56380
19-10-2006,16.55740
18-10-2006,16.55420
17-10-2006,16.55190
16-10-2006,16.56140
13-10-2006,16.55800
12-10-2006,16.56310
11-10-2006,16.55480
10-10-2006,16.55590
09-10-2006,16.54640
06-10-2006,16.54660
05-10-2006,16.54560
04-10-2006,16.54090
03-10-2006,16.53460
29-09-2006,16.51910
28-09-2006,16.51810
27-09-2006,16.52050
26-09-2006,16.51860
25-09-2006,16.50550
22-09-2006,16.49670
21-09-2006,16.48910
20-09-2006,16.49270
19-09-2006,16.47590
18-09-2006,16.46620
15-09-2006,16.44670
14-09-2006,16.45000
13-09-2006,16.45660
12-09-2006,16.44780
11-09-2006,16.45470
08-09-2006,16.46100
07-09-2006,16.45020
06-09-2006,16.44720
05-09-2006,16.44750
04-09-2006,16.45430
01-09-2006,16.41590
31-08-2006,16.41160
30-08-2006,16.40590
29-08-2006,16.39810
28-08-2006,16.39450
25-08-2006,16.38350
24-08-2006,16.38230
23-08-2006,16.36770
22-08-2006,16.35860
21-08-2006,16.35570
18-08-2006,16.34800
17-08-2006,16.34680
16-08-2006,16.33510
14-08-2006,16.32440
11-08-2006,16.31800
10-08-2006,16.32060
09-08-2006,16.31380
08-08-2006,16.28080
07-08-2006,16.27040
04-08-2006,16.25940
03-08-2006,16.25520
02-08-2006,16.25310
01-08-2006,16.24730
31-07-2006,16.25130
28-07-2006,16.24280
27-07-2006,16.24380
26-07-2006,16.24200
25-07-2006,16.24370
24-07-2006,16.24260
21-07-2006,16.23140
20-07-2006,16.21810
19-07-2006,16.21320
18-07-2006,16.20840
17-07-2006,16.20550
14-07-2006,16.20100
13-07-2006,16.19860
12-07-2006,16.19030
11-07-2006,16.20080
10-07-2006,16.19730
07-07-2006,16.19690
06-07-2006,16.19940
05-07-2006,16.20080
04-07-2006,16.19810
03-07-2006,16.19560
30-06-2006,16.18870
29-06-2006,16.18830
28-06-2006,16.18600
27-06-2006,16.18420
26-06-2006,16.18050
23-06-2006,16.17420
22-06-2006,16.22390
21-06-2006,16.23160
20-06-2006,16.22910
19-06-2006,16.22620
16-06-2006,16.26030
15-06-2006,16.25750
14-06-2006,16.25430
13-06-2006,16.24980
12-06-2006,16.24850
09-06-2006,16.24240
08-06-2006,16.27260
07-06-2006,16.26910
06-06-2006,16.27230
05-06-2006,16.28090
02-06-2006,16.27150
01-06-2006,16.26870
31-05-2006,16.27110
30-05-2006,16.27110
29-05-2006,16.26690
26-05-2006,16.26500
25-05-2006,16.26280
24-05-2006,16.26070
23-05-2006,16.26070
22-05-2006,16.25750
19-05-2006,16.24950
18-05-2006,16.24170
17-05-2006,16.24750
16-05-2006,16.24620
15-05-2006,16.24180
12-05-2006,16.24220
11-05-2006,16.24210
10-05-2006,16.25940
09-05-2006,16.24340
08-05-2006,16.23710
05-05-2006,16.23750
04-05-2006,16.23500
03-05-2006,16.24600
02-05-2006,16.24390
28-04-2006,16.24870
27-04-2006,16.23100
26-04-2006,16.22860
25-04-2006,16.22650
24-04-2006,16.22360
21-04-2006,16.23130
20-04-2006,16.20980
19-04-2006,16.18880
18-04-2006,16.18230
17-04-2006,16.17750
13-04-2006,16.16640
12-04-2006,16.16530
10-04-2006,16.15910
07-04-2006,16.14960
05-04-2006,16.14290
04-04-2006,16.13220
03-04-2006,16.12670
